[[1520861400000,9760.7,9770.3,9799,9736.9,451.15301411]
[1520860500000,9719,9760.8,9763.4,9701.3,340.99918724]
[1520859600000,9781.1,9718.4,9781.2,9704.2,510.34307259]
[1520858700000,9762,9781.1,9792.7,9755.9,87.71712649]
[1520857800000,9787.9,9763.2,9791,9745.1,493.38067661]
[1520856900000,9804.9,9788,9805,9772.9,161.58777225]
[1520856000000,9826.1,9805,9829.5,9769.8,230.7522946]
[1520855100000,9789.1,9832,9852,9770,492.44124951]
[1520854200000,9792.96685918,9790,9795.1,9752.5,301.64702812]
[1520853300000,9805,9793,9829,9787.1,282.17819427]
[1520852400000,9834,9806,9845,9798,375.8849951]
[1520851500000,9814.7,9834,9835,9782,341.13550683]
[1520850600000,9838.9,9814.8,9844.7,9773.38314248,603.72567158]
[1520849700000,9847.7,9839,9897.7,9813.9,1312.34829549]
[1520848800000,9806.1,9847.3,9900,9806.1,794.61485773]
[1520847900000,9815.7,9806,9875,9785.17253801,1277.55256338]
[1520847000000,9610.2,9811.8,9815.7,9610.2,2559.21635658]
[1520846100000,9530,9611.8,9611.8,9501,353.32092721]
[1520845200000,9522,9530,9560,9520,132.16503192]
[1520844300000,9545,9522,9568,9521,133.24812065]
[1520843400000,9536.6,9544.9,9571.8,9526,176.72938124]
[1520842500000,9515.1,9536.1,9563.4,9511,168.36090696]
[1520841600000,9590.3,9517,9630,9498,613.10913728]
[1520840700000,9601.3,9593.95110825,9606.9,9572.4,110.74403374]
[1520839800000,9554,9593.9,9613,9549.5,216.48700346]
[1520838900000,9619.8,9554.6,9622,9519,208.25161525]
[1520838000000,9588.3,9618.5,9643.4,9580,241.98898309]
[1520837100000,9633,9584.7,9648.1,9567.5,342.50423413]
[1520836200000,9641.1,9630.3,9697.6,9620.9,506.5114413]
[1520835300000,9556.9,9641.1,9650,9530,403.20256789]
[1520834400000,9563,9556.9,9597.7,9540.6,146.90430469]
[1520833500000,9568.7,9563,9600,9561.8,153.16376427]
[1520832600000,9579.9,9568.9,9613.05008522,9551.7,374.35864807]
[1520831700000,9502.3,9579.9,9613.05008522,9500,368.99719463]
[1520830800000,9534.6,9499.1,9580.2,9484,442.17687398]
[1520829900000,9551.6,9534.5,9574.10490796,9517.7,247.93212957]
[1520829000000,9523.2,9550.6,9577,9522.1,211.14184649]
[1520828100000,9399.9,9524.4,9558.5,9396.2,835.712032]
[1520827200000,9425.1,9399.9,9427,9370.7,300.9445637]
[1520826300000,9388.9,9425.5,9440.6,9368,358.58913657]
[1520825400000,9511.2,9388.9,9511.7,9357,1390.76777673]
[1520824500000,9555.6,9511.1,9555.6,9511.1,175.54400057]
[1520823600000,9571.2,9554.6,9618,9552.1,255.41320709]
[1520822700000,9584.9,9574.7,9588.9,9519.1,273.15385367]
[1520821800000,9587.6,9584.9,9597.1,9551.4,231.07977119]
[1520820900000,9539.9,9585.4,9609,9534.1,268.57813489]
[1520820000000,9528.6,9540.5,9559.93182129,9481,293.23270772]
[1520819100000,9474.8,9529.9,9548.5,9473.8,359.87875811]
[1520818200000,9638.5,9477.2,9663.8,9467,567.64298768]
[1520817300000,9670.1,9639.7,9696.6,9639.6,524.57621446]
[1520816400000,9597.1,9670.1,9687,9584.2,440.3224425]
[1520815500000,9600,9597.2,9617.7,9565.7,322.67327528]
[1520814600000,9572,9600,9650,9570.3,440.71990303]
[1520813700000,9603,9572.1,9623,9545.3,398.19522332]
[1520812800000,9525.9,9605,9625,9525.9,544.23443464]
[1520811900000,9488,9527.7,9567.3,9463.1,543.43983749]
[1520811000000,9473,9488,9538.9,9472.9,368.75100474]
[1520810100000,9539.9,9472.9,9544,9432.2,575.42651393]
[1520809200000,9507.8,9539.9,9545.3,9434,826.81812824]
[1520808300000,9561.7,9507.7,9605,9506.6,313.1369036]
[1520807400000,9634.8,9561,9667.4,9531.9,570.5235346]
[1520806500000,9709.9,9633.2,9716.25816923,9597,1413.88921853]
[1520805600000,9502.8,9710,9710,9501,2059.55519995]
[1520804700000,9550.9,9502,9558,9500,319.04697606]
[1520803800000,9617.5,9551.4,9618,9507,522.40304542]
[1520802900000,9588.4,9617.4,9630,9587,295.26394717]
[1520802000000,9597,9589.1,9625.9,9555.2,681.9784597]
[1520801100000,9481.9,9599,9643.1,9480.1,541.52483934]
[1520800200000,9525.6,9481.9,9599.3,9475.5,820.41085158]
[1520799300000,9519.9,9525.6,9540,9435.9,820.61267427]
[1520798400000,9631,9519.9,9648.5,9479,1733.23818278]
[1520797500000,9659.9,9631.8,9700,9621.1,512.95414862]
[1520796600000,9596.3,9659.8,9661.3,9580.7,513.06746058]
[1520795700000,9583.9,9596.3,9649.2,9580.8,570.22984876]
[1520794800000,9611.4,9577.2,9650.8,9555,516.62271356]
[1520793900000,9619.9,9611.3,9626,9570,617.79522922]
[1520793000000,9598.6,9620,9624,9542,944.56315426]
[1520792100000,9644.1,9598.6,9660,9566.1,1013.11589542]
[1520791200000,9630.5,9644.1,9729,9571.5,1389.24060014]
[1520790300000,9397.9,9630.5,9680,9393.4,3825.7703948]
[1520789400000,9433.8,9392.1,9449.4,9365,1016.40520219]
[1520788500000,9223.9,9434,9491.9,9223.9,2697.07607741]
[1520787600000,9189.4,9223.8,9241,9180.4,250.35346088]
[1520786700000,9230.9,9192.2,9257.7,9177,370.88887502]
[1520785800000,9237,9233.6,9276.5,9215.1,406.71043198]
[1520784900000,9190,9232.4,9272,9151.6,808.066701]
[1520784000000,9085.1,9190,9195,9081.6,693.39294197]
[1520783100000,9096.6,9081.3,9125,9062.6,702.17844357]
[1520782200000,9200.8,9096.5,9219,9067.1,1013.95123624]
[1520781300000,9234,9201.7,9239,9152.1,259.9666257]
[1520780400000,9201.70260117,9234.9,9283.5,9160.09768539,570.87257519]
[1520779500000,9200,9201.7,9232.7,9143.6,587.56206074]
[1520778600000,9241,9200,9275.2,9180,435.73261018]
[1520777700000,9213.1,9241,9323.9,9202.1,925.86830741]
[1520776800000,9212.4,9213,9240.84568761,9162.4,424.20288577]
[1520775900000,9201,9212.4,9252.8,9198,410.07862698]
[1520775000000,9263.8,9200,9303.3,9190.5,723.77433598]
[1520774100000,9318.5,9263.3,9351,9243.1,765.00879103]
[1520773200000,9169.1,9321.1,9375,9162.1,1322.66439168]
[1520772300000,9178.68449688,9169,9247,9131.54046509,778.12489918]
[1520771400000,9185.2,9178.4,9245.4,9142,1276.37622409]
[1520770500000,9116.1,9185.2,9285,9114,2323.15917176]
[1520769600000,9037,9112.1,9164.2,9019.1,2140.89291063]
[1520768700000,8794.3,9020,9089,8793,2863.04892344]
[1520767800000,8657.3,8795,8797,8657.2,708.9801848]
[1520766900000,8638,8657.4,8669,8627.9,137.96602056]
[1520766000000,8701.1,8639.1,8701.1,8621.5,243.28665003]
[1520765100000,8664.1,8701.1,8705,8627.2,646.95060111]
[1520764200000,8628,8667.1,8670,8593,299.50075449]
[1520763300000,8574,8628,8650,8561,713.81960104]
[1520762400000,8604.8,8574,8640.5,8506.7,1036.77833093]
[1520761500000,8600.9,8604.9,8651.7,8566,437.51839411]
[1520760600000,8712.8,8600,8719,8559.1,738.27803162]
[1520759700000,8756.7,8712.8,8779,8690.7,197.35968214]
[1520758800000,8785.9,8756,8790,8735,188.83084662]
[1520757900000,8723.3,8785.9,8789,8720,324.90735972]
[1520757000000,8742,8724.2,8792,8718,679.52763454]
[1520756100000,8761.7,8740.9,8770,8732,175.81868442]
[1520755200000,8691.4,8761.6,8764.11243667,8686.2,244.54324063]
[1520754300000,8721.52278915,8691.5,8722,8625,399.00233306]
[1520753400000,8758.4,8721.4,8758.4,8702,199.43762386]
[1520752500000,8713.5,8760,8767.9,8701.1,182.9606461]
[1520751600000,8778.1,8713.5,8781.5,8673,467.53321144]
[1520750700000,8788.8,8778.3,8804.9,8769,222.5770934]
[1520749800000,8758.3,8789.2,8819.9,8757.7,247.45966005]
[1520748900000,8764.2,8759,8814,8739.2,373.24609111]
[1520748000000,8814,8757.5,8830.9,8744.8,736.63936881]
[1520747100000,8735,8814.1,8818.2,8726,523.16432836]
[1520746200000,8731.8,8735.1,8764.7,8705.1,418.33505393]
[1520745300000,8634.5,8731.8,8745,8608.3,504.59972369]
[1520744400000,8658.1,8635.5,8658.1,8588,283.78509981]
[1520743500000,8675.9,8659.7,8675.9,8603,262.29411717]
[1520742600000,8647.9,8676.5,8694.8,8640.2,213.1099954]
[1520741700000,8631.1,8647.9,8707,8631.1,504.73905794]
[1520740800000,8596.4,8631.1,8638.6,8560,332.1180633]
[1520739900000,8546.2,8596.1,8639.8,8546.2,526.08233089]
[1520739000000,8573.1,8546.2,8592.9,8475.9,920.24705168]
[1520738100000,8685,8572,8689,8523.2,897.74591109]
[1520737200000,8700,8685,8700,8655,358.48770489]
[1520736300000,8661.1,8700,8736,8653.5,482.10646681]
[1520735400000,8660,8661.1,8695.9,8653.1,468.66453112]
[1520734500000,8527.1,8651.9,8660,8527,540.33659554]
[1520733600000,8580,8528,8597,8508.1,388.73691204]
[1520732700000,8610.4,8580.4,8616,8526.17663133,334.89633809]
[1520731800000,8586.1,8610,8634,8583.4,246.16406168]
[1520730900000,8632.6,8586,8633,8546.4,430.52811319]
[1520730000000,8471.3,8632,8633,8471.3,965.25348759]
[1520729100000,8556.1,8471.3,8575.5,8428,2096.70891018]
[1520728200000,8532.8,8560.6,8609.9,8512.3,714.43650285]
[1520727300000,8630.3,8532.7,8665,8514.9,1527.35390209]
[1520726400000,8772.5,8630.1,8774.5,8625,860.48189197]
[1520725500000,8791,8769.9,8860,8728,590.57516179]
[1520724600000,8755.8,8791,8792.8,8706,649.3937785]
[1520723700000,8780.8,8755.9,8819.7,8750,288.95976106]
[1520722800000,8827,8780.8,8827,8750,370.93185382]
[1520721900000,8848.7,8826.9,8848.7,8786.9,178.97395245]
[1520721000000,8783,8848.7,8875,8781.7,823.70036401]
[1520720100000,8725.1,8782.9,8796.8,8704.6,457.02331492]
[1520719200000,8801.5,8725.1,8820,8670.9,956.2531815]
[1520718300000,8786,8801,8822.8,8762.1,350.34255794]
[1520717400000,8848.3,8786,8849.1,8786,391.47091253]
[1520716500000,8804.36334632,8848.9,8850,8778.5,622.41715061]
[1520715600000,8842.1,8805.34807805,8842.1,8739.1,1447.40154849]
[1520714700000,8879.8,8842,8889,8831.7,500.73293072]
[1520713800000,8932.1,8874.6,8942,8811,1760.78721087]
[1520712900000,9049.3,8931,9072.9,8931,965.76393816]
[1520712000000,9097.07485438,9050,9103,9033.1,256.11667182]
[1520711100000,9090,9097.1,9125,9060.6,193.58102309]
[1520710200000,9015.9,9094.9,9108.76854373,9015.8,303.0787445]
[1520709300000,9027,9015.9,9059.7,9011.8,202.8708736]
[1520708400000,9078.9,9021.7,9094,9000,794.70008128]
[1520707500000,9084.7,9080,9113.9,9025,556.08015228]
[1520706600000,9062.2,9091.8,9117,9014,628.59929964]
[1520705700000,9084.4,9062.2,9103,8970,1452.53676642]
[1520704800000,9135,9089,9135.1,9022,1074.09029583]
[1520703900000,9209,9135,9213.9,9135,329.24889915]
[1520703000000,9261,9209,9263.9,9087.2,2235.66128863]
[1520702100000,9368,9260,9380.2,9260,429.24831671]
[1520701200000,9405.6,9367.9,9424,9344,207.68528963]
[1520700300000,9425.3,9405.5,9425.5,9381.2,78.47773212]
[1520699400000,9356.9,9425.2,9430.5,9356.8,182.05113221]
[1520698500000,9371.7,9356.6,9407.9,9344,303.3376139]
[1520697600000,9363.9,9369.4,9395,9333,154.18638402]
[1520696700000,9405.1,9363.7,9417.9,9328,261.89146068]
[1520695800000,9435.1,9403,9435.1,9355.9,417.37624635]
[1520694900000,9469,9440.6,9500,9431.3,487.94421798]
[1520694000000,9435.4,9469,9478.4,9416,275.67425941]
[1520693100000,9449.4,9435.4,9453,9414,211.33316513]
[1520692200000,9462.3,9449,9468.6,9408,362.26852318]
[1520691300000,9446.9,9462.8,9490,9407.6,525.57101195]
[1520690400000,9260.7,9445,9500,9258,1871.00524885]
[1520689500000,9280,9261.52505404,9288.4,9254.4,251.13690241]
[1520688600000,9278.2,9280,9317.8,9261.1,232.81139071]
[1520687700000,9250.8,9278.2,9299,9206.2,430.51710769]
[1520686800000,9273.1,9251.2,9287,9236.8,190.7272752]
[1520685900000,9255.2,9273.1,9296.1,9225,364.63814612]
[1520685000000,9302.6,9256.3,9307.8,9234.5,296.48440199]
[1520684100000,9302.4,9302.5,9358.02876401,9280.1,375.8528754]
[1520683200000,9349.9,9302.5,9349.9,9275.7,271.65846243]
[1520682300000,9367.9,9349.9,9375,9337.71867199,165.87781754]
[1520681400000,9310.1,9368,9368,9310.1,247.0863902]
[1520680500000,9317,9310.1,9324,9271,328.38564069]
[1520679600000,9334.9,9318.1,9336,9296.4,172.4589533]
[1520678700000,9303.9,9335,9341.8,9290.9,191.68341561]
[1520677800000,9249.3,9304,9311,9235,244.87638063]
[1520676900000,9235.2,9249.7,9273.6,9230.3,165.04969415]
[1520676000000,9220,9234.4,9257,9173,488.14345928]
[1520675100000,9280.3,9220,9305.6,9220,317.35192845]
[1520674200000,9279.9,9285.4,9318.7625861,9254,509.85320541]
[1520673300000,9253,9281,9316,9230.62909587,410.10417637]
[1520672400000,9332.5,9253,9343.6,9201,853.78556464]
[1520671500000,9389.3,9324.3,9389.6,9303.2,423.38381575]
[1520670600000,9376.3,9389.5,9415.2,9357.8,360.23285332]
[1520669700000,9353.1,9372.4,9398,9324.6,274.27475889]
[1520668800000,9327.3,9353.1,9389,9310.6,555.88667876]
[1520667900000,9378.6,9327.2,9449,9319.1,500.52081947]
[1520667000000,9376.5,9383.9,9411.9,9325,631.97023011]
[1520666100000,9401.6,9377.2,9451,9375,308.45315481]
[1520665200000,9428.4,9401.6,9443.9,9381.5,394.95210664]
[1520664300000,9427.1,9428.4,9444,9407,201.95530125]
[1520663400000,9457.7,9428.1,9469.6,9411.3,476.32107285]
[1520662500000,9474.7,9460.9,9481.2,9445,371.25530253]
[1520661600000,9341.7,9474.7,9506.4,9341.6,2290.6070642]
[1520660700000,9323.5,9342,9349.5,9293.1,301.94064682]
[1520659800000,9277.9,9323.4,9360.2,9277.9,426.41424327]
[1520658900000,9291,9283.6,9307,9205.1,655.84369411]
[1520658000000,9303,9293.4,9325,9281.5,183.12309016]
[1520657100000,9276,9303,9309,9260.3,168.65698921]
[1520656200000,9308.8,9276,9336,9265.09470657,248.60084964]
[1520655300000,9254.2,9308.8,9317.7,9232,357.72858274]
[1520654400000,9234,9260,9269.9,9188,436.61008339]
[1520653500000,9154.7,9233.6,9247,9154.6,381.85046756]
[1520652600000,9129,9153,9196,9128.3,357.7527751]
[1520651700000,9135.7,9128,9188,9087,736.19929124]
[1520650800000,9289.9,9133.8,9293,8950,2431.27809048]
[1520649900000,9250.1,9289.9,9320.8,9250,222.47560306]
[1520649000000,9237,9250,9265,9202.2,473.75602357]
[1520648100000,9264.4,9236.9,9300,9208,349.84453701]
[1520647200000,9279,9263.9,9326.6,9250,422.0730415]
[1520646300000,9355.6,9279.1,9370.2,9232.6,829.5339254]
[1520645400000,9334.2,9357.1,9423.9,9330.5,1074.95129062]
[1520644500000,9309.9,9332.6,9335,9254.9,665.11663773]
[1520643600000,9311.9,9309.9,9369,9280,571.93917953]
[1520642700000,9239.3,9313.1,9330,9227.9,537.63053701]
[1520641800000,9250.2,9239.3,9278.1,9222.01269319,348.3077471]
[1520640900000,9312.2,9250.2,9325,9216,1549.23817813]
[1520640000000,9216.1,9312.1,9330.9,9214.2,1353.59871823]
[1520639100000,9307.9,9216.2,9355,9209,1158.90328846]
[1520638200000,9284.3,9307.9,9315,9238.2,760.99387915]
[1520637300000,9239.3,9284.1,9348,9237.52221801,1283.50371788]
[1520636400000,9228.5,9237.2,9247.9,9153,328.45084303]
[1520635500000,9218.1,9229,9249,9182,483.13692496]
[1520634600000,9050,9218,9260.7,9049.9,2091.33268807]
[1520633700000,9052,9049.9,9116,8954.5,639.8780859]
[1520632800000,8975,9052.9,9064,8940,745.28758228]
[1520631900000,9120.9,8976,9130,8974.7,771.65385699]
[1520631000000,9073,9119.4,9125,9010,741.64870506]
[1520630100000,9082.4,9070.8,9105.9,9036,738.79988118]
[1520629200000,8973,9082.4,9095,8933,1163.89485767]
[1520628300000,8780.9,8973,9000.5,8765.7,1069.40649633]
[1520627400000,8781.1,8781.9,8822.2,8723.86152702,273.13438009]
[1520626500000,8796.9,8781,8849,8779.6,191.23718831]
[1520625600000,8775.2,8799,8828.9,8755,310.04464225]
[1520624700000,8724.6,8775.1,8797.4,8685.9,509.39176379]
[1520623800000,8707.1,8724.6,8750,8688.9,261.69825772]
[1520622900000,8740,8707.3,8740.1,8605.1,1279.19659424]
[1520622000000,8882.9,8740.3,8884.7,8682.5,778.11765745]
[1520621100000,8900,8884.7,8900,8839,245.1301062]
[1520620200000,8867.5,8900.1,8949,8867.4,576.81849032]
[1520619300000,8808,8867.5,8893.4,8795.7,985.51047057]
[1520618400000,8749,8807.9,8830,8745.2,863.53666129]
[1520617500000,8766.9,8745.6,8813.8,8730.1,538.36890777]
[1520616600000,8815,8766.9,8815.1,8703,573.18193858]
[1520615700000,8829.9,8815,8835,8763.9,511.5881039]
[1520614800000,8692.6,8830,8850,8663,1092.07495325]
[1520613900000,8715.5,8693.6,8748,8650,1047.90983124]
[1520613000000,8737.9,8715.5,8774,8656,1554.74562982]
[1520612100000,9032,8737.5,9037.9,8724.5,2083.53585288]
[1520611200000,8944.1,9029.7,9050,8940,488.06600323]
[1520610300000,9003.4,8943.7,9015,8940.1,320.44027432]
[1520609400000,8905.2,9003.4,9022.15032232,8905.2,483.32754055]
[1520608500000,9003.1,8905.3,9039,8901,838.63942676]
[1520607600000,9134.9,9003.9,9138.6,8990.5,879.15616471]
[1520606700000,9074.9,9134.8,9136.3,9074.9,496.90161199]
[1520605800000,9135.7,9075,9143.9,9057.27240847,586.53299942]
[1520604900000,8960.2,9129,9140,8947.4,1080.84738336]
[1520604000000,8916.4,8955.9,9016.91286399,8906,440.27165022]
[1520603100000,8924.28572484,8916.9,9000.59322931,8882,550.52092513]
[1520602200000,8875,8927.1,8950,8832.2,370.35538522]
[1520601300000,8919.4,8873,8950.3,8821,817.39934897]
[1520600400000,8978.7,8912.7,8998,8889.2,567.46292259]
[1520599500000,8960,8984.7,9063.9,8918,970.45445507]
[1520598600000,8959.9,8959.9,8969.1,8889,645.73295923]
[1520597700000,8940,8960,8978.7,8889,522.34658854]
[1520596800000,8942.3,8940,9046.1,8917.1,1507.05347265]
[1520595900000,8856.4,8942.1,8970,8825,1893.4476349]
[1520595000000,8737,8857,8888,8671.5,935.03876785]
[1520594100000,8715,8734,8787.6,8668,478.6271157]
[1520593200000,8732.8,8714.9,8800,8699,518.21438684]
[1520592300000,8601,8734.0166511,8812,8586,1431.82465816]
[1520591400000,8706.1,8601,8720,8601,722.25020266]
[1520590500000,8637,8706,8746,8618,987.17838548]
[1520589600000,8540,8638.8,8699,8452,1661.77007833]
[1520588700000,8448.1,8540,8616,8379,2246.97390373]
[1520587800000,8638.1,8448.1,8639.3,8411,1472.7092378]
[1520586900000,8602,8638.4,8682.7,8601.9,520.82756794]
[1520586000000,8668.3,8601.9,8727.7,8549.5,1019.27708846]
[1520585100000,8792,8662,8831.2,8556,1598.30814873]
[1520584200000,8782.2,8790.9,8850,8733,836.66583265]
[1520583300000,8627.9,8782,8788,8616,1157.54244446]
[1520582400000,8704.9,8628.1,8717.8,8596.1,1385.79071487]
[1520581500000,8683,8704.9,8766,8678,581.31496774]
[1520580600000,8795,8683,8829.9,8678.3,995.62804549]
[1520579700000,8844,8795,8859,8706,996.36043169]
[1520578800000,8816.8,8844.9,8865,8722,1349.8329381]
[1520577900000,8708.7,8816.1,8852.9,8675,1366.58782579]
[1520577000000,8631.1,8708.8,8755,8631.1,2093.33831783]
[1520576100000,8480.4,8631,8653,8480,2229.19731608]
[1520575200000,8483.8,8480,8492.4,8342,2812.47930479]
[1520574300000,8688.9,8481,8688.9,8426.2,2825.65568424]
[1520573400000,8632.6,8688.8,8699.9,8620.85952433,646.90799855]
[1520572500000,8697.8,8622.2,8760,8622.2,940.42008046]
[1520571600000,8639,8697.5,8771.1,8560,1351.57303255]
[1520570700000,8716.4,8636.3,8717.9,8627.2,685.70931114]
[1520569800000,8660.9,8716.4,8736,8563,2538.5190654]
[1520568900000,8735.2,8660.9,8780.3,8631,2432.4029722]
[1520568000000,8980.6,8735.2,8986,8719,2214.66363189]
[1520567100000,8993.8,8980.6,9016.60428726,8950,464.63360617]
[1520566200000,8955,8993.8,9036.1,8954.9,462.00574436]
[1520565300000,8993.6,8954.9,9006.5,8933.8,363.13074803]
[1520564400000,9011.1,8993.6,9037,8938.1,573.47597829]
[1520563500000,9074.2,9011.1,9077.2,8972.2,578.70578666]
[1520562600000,9031,9077.3,9085.9,8981.3,936.38140154]
[1520561700000,8967.2,9030.9,9087.98881478,8933.5,1447.22155058]
[1520560800000,9092.2,8971,9110,8882,3062.20325258]
[1520559900000,9081.1,9092.1,9159,8954.8,3612.57893605]
[1520559000000,9331.5,9081.1,9331.9,9050,1878.48956676]
[1520558100000,9354.2,9329,9354.3,9270,583.07691547]
[1520557200000,9375,9354.2,9375,9320,535.4649788]
[1520556300000,9356.3,9375.03849954,9400,9356.3,120.59729754]
[1520555400000,9393,9356.2,9395.5,9340.1,335.1389413]
[1520554500000,9396.45153983,9396.2,9418.8,9361,310.40565353]
[1520553600000,9300,9396.3,9428,9300,800.97856324]
[1520552700000,9360.8,9300,9360.9,9290,1000.32692641]
[1520551800000,9351.1,9360.8,9361.4,9320,521.52185471]
[1520550900000,9342,9351,9362.9,9331,208.09057428]
[1520550000000,9272.1,9342,9344,9271,400.03470238]
[1520549100000,9288,9272.1,9321.6,9270.2,680.31282414]
[1520548200000,9345.7,9288,9345.7,9240,1081.22735632]
[1520547300000,9375.9,9345.7,9407,9341,222.85621263]
[1520546400000,9330,9375.9,9382,9321,298.96178091]
[1520545500000,9391.5,9330,9404,9330,507.53633294]
[1520544600000,9445.8,9391.6,9471,9356.1,570.53726124]
[1520543700000,9417,9445.8,9446.8,9413.4,170.20783402]
[1520542800000,9380,9416,9469.9,9380,786.11300844]
[1520541900000,9369.9,9380,9397.4,9349.4,352.50310834]
[1520541000000,9304.9,9369.9,9370,9290,604.07358262]
[1520540100000,9352.8,9304.8,9352.9,9296.8,445.62646731]
[1520539200000,9372.7,9353.4,9384,9281,755.33220735]
[1520538300000,9352.1,9372.8,9373,9330,332.75735112]
[1520537400000,9303.8,9353.2,9399.5,9303.8,485.42206301]
[1520536500000,9283.9,9301.2,9331.6,9280,597.7222338]
[1520535600000,9338.5,9283.9,9380,9260,942.12552148]
[1520534700000,9398.88987162,9337.29819487,9400,9327,312.19295981]
[1520533800000,9266,9398.88987162,9443.7,9264.62001631,1416.68840164]
[1520532900000,9220,9263.38818277,9335,9210,1238.75584509]
[1520532000000,9295.4,9220,9350.4,9220,1572.03763794]
[1520531100000,9307.3,9296.8,9322.2,9260,1089.14374267]
[1520530200000,9285.3,9307.3,9353.9,9201.1,2384.99061608]
[1520529300000,9250,9285.4,9300.6,9025,6279.17041229]
[1520528400000,9427,9250,9432.5,9231.4,5230.928512]
[1520527500000,9760.76625839,9437.8,9760.8,9331.8,4150.40615758]
[1520526600000,9807.7,9760.76625839,9850,9753,352.76234634]
[1520525700000,9849.1,9807.8,9849.2,9769,511.93156534]
[1520524800000,9904,9849.1,9904,9793,612.27412822]
[1520523900000,9884,9904,9904,9848.9,289.86169922]
[1520523000000,9927.84108735,9884,9945,9869.9,354.30247069]
[1520522100000,9815.9,9927.8,9942,9815.9,753.15703453]
[1520521200000,9745.4,9816,9830,9745.3,452.46282372]
[1520520300000,9739.9,9745.4,9798.6,9735,243.23884142]
[1520519400000,9782.7,9741,9800,9734.8,222.82307323]
[1520518500000,9808.2,9782.9,9849.5,9770.9,281.65896159]
[1520517600000,9889.7,9809.5,9890,9796.67741136,472.5224558]
[1520516700000,9835.9,9889,9890,9798,434.24440258]
[1520515800000,9755.6,9837.6,9843,9755.5,472.48158185]
[1520514900000,9712.5,9755.5,9787,9696.34933491,345.81774448]
[1520514000000,9770.3,9712.2,9785.1,9670,711.92470188]
[1520513100000,9769.9,9770.3,9801.4,9725,518.11513962]
[1520512200000,9775.3,9769.9,9818,9719,1039.16494023]
[1520511300000,9956.9,9775.3,9957,9752.8,1019.26013361]
[1520510400000,9925.3,9956.9,9982.6,9912.07825716,588.39268443]
[1520509500000,9988.2,9925.7,9999,9920.5,335.33401028]
[1520508600000,9977.6,9988.2,9991.02839359,9908.8,420.02710637]
[1520507700000,9971,9977.3,10029,9970.82338488,160.73285088]
[1520506800000,10010,9970.32802639,10011,9945.7,216.33767287]
[1520505900000,9971.2,10011,10027,9970.20418677,226.9390617]
[1520505000000,9990.1,9971.3,9990.1,9928.71791315,271.74970256]
[1520504100000,9983.1,9990.1,10001,9951.13288487,384.42779317]
[1520503200000,10056,9983,10076,9983,526.98545442]
[1520502300000,10074,10056,10075,10030,252.53965038]
[1520501400000,10096,10075,10112,10018,900.28408844]
[1520500500000,9983.9,10095,10097,9948.1,1074.76519166]
[1520499600000,9907.1,9984,9984,9903.6,284.77063909]
[1520498700000,9949.4,9908.1,9953.3,9884.2,236.58437515]
[1520497800000,9859.9,9949.9,9957,9835.6,397.42450457]
[1520496900000,9935.1,9859.9,9948,9836.7,544.29206288]
[1520496000000,9936.5,9935.1,9967,9915.5,281.66132389]
[1520495100000,9961.6,9938.5,9974.5,9908,273.88792827]
[1520494200000,9924,9961.6,10000,9915.9,830.43736954]
[1520493300000,9870,9924,9924,9845.3,510.80708217]
[1520492400000,9742.5,9870.1,9875,9679.8,864.97761042]
[1520491500000,9744.9,9742.4,9787.6,9740.2,241.84728699]
[1520490600000,9752.9,9744.9,9807,9712,327.15510871]
[1520489700000,9798.3,9754.1,9814.6,9743.53628541,187.75072888]
[1520488800000,9791.3,9798.2,9868,9789.94944193,349.20514197]
[1520487900000,9820,9791.4,9820.1,9776.3,286.89208654]
[1520487000000,9716,9820.1,9821.5,9668.58027863,636.14114386]
[1520486100000,9754.8,9716,9762.3,9706.2,166.68068092]
[1520485200000,9782,9754.7,9783,9717.8,225.15742017]
[1520484300000,9709.9,9783,9784,9709.9,420.23568676]
[1520483400000,9703.3,9709.9,9755,9682,514.21849409]
[1520482500000,9622.5,9701.1,9707,9591,578.8595856]
[1520481600000,9529.9,9622.4,9640.1,9515.20465733,738.0092365]
[1520480700000,9661.5,9530,9669.8,9489.4,1215.41219902]
[1520479800000,9669.1,9664,9680.1,9622.1,382.69821654]
[1520478900000,9643,9669.2,9696.1,9620,243.95004606]
[1520478000000,9600.8,9643,9670,9600.8,373.57203037]
[1520477100000,9725,9600.8,9749,9572,1052.71908468]
[1520476200000,9645.30527757,9725,9732.9,9618.2,764.10548123]
[1520475300000,9681.2,9645.3,9692,9555,1079.90281617]
[1520474400000,9844.8,9684,9844.9,9630,1696.13172522]
[1520473500000,9823.7,9844.8,9857.9,9809.3,349.57961667]
[1520472600000,9984.9,9828,9995,9801,989.84969418]
[1520471700000,10001,9984.9,10023,9973.4,175.77145268]
[1520470800000,9941.7,10000,10000,9941,213.61987965]
[1520469900000,9962.1,9941.4,9977,9924.9,186.7434463]
[1520469000000,10017,9962.1,10020,9952,247.49305835]
[1520468100000,9923.2,10018,10020,9920,424.16057798]
[1520467200000,9910.5,9923,9948.2,9855,361.06421106]
[1520466300000,9933.9,9910.6,9940,9845.5,382.85974871]
[1520465400000,9835.8,9933.9,9974.2,9835.5,480.9630394]
[1520464500000,9838.97755964,9837,9878.9,9814,503.39486546]
[1520463600000,9935.3,9831,9953,9814,739.35688273]
[1520462700000,10020,9936,10067,9902,797.69400285]
[1520461800000,10066,10020,10097,9957,799.80599076]
[1520460900000,10014,10065,10093,9999,901.01083198]
[1520460000000,9929.1,10014,10040,9929,1191.18051775]
[1520459100000,9929.9,9929.1,9969,9891.3,506.58375856]
[1520458200000,9920.6,9927.2,9979.8,9883,1044.37630123]
[1520457300000,9783.8,9920.6,9950,9777.3,1200.57673401]
[1520456400000,9761,9783.8,9828.4,9759.9,559.21783553]
[1520455500000,9716.1,9763,9778,9716.1,252.5541564]
[1520454600000,9787.9,9716.1,9812,9685,623.5306917]
[1520453700000,9778.8982649,9787,9808,9717.8,528.37815286]
[1520452800000,9844.9,9780,9844.9,9769,668.33303227]
[1520451900000,9749.8,9845.1,9860,9700,876.47078584]
[1520451000000,9668.9,9749.8,9784,9668.9,753.21473048]
[1520450100000,9731.8,9669,9732,9651,703.86544491]
[1520449200000,9682.2,9731.9,9762,9610,1150.38455673]
[1520448300000,9833,9682.2,9833,9675.8,1041.09457535]
[1520447400000,9748.3,9833,9833,9675.8,1455.82252299]
[1520446500000,9836,9748,9865,9718,1485.54620511]
[1520445600000,9725,9836,9922.2,9724.9,2961.17446644]
[1520444700000,9863.3,9725,9863.5,9640.6,2773.38216111]
[1520443800000,9652.2,9863.3,9870.4,9608.2,4202.40113167]
[1520442900000,9714,9656.7,9797.5,9400,7022.78340436]
[1520442000000,9940,9714,10120,9625,5425.20842871]
[1520441100000,10084.81687463,9937.1,10088,9846.9,5530.27759216]
[1520440200000,10432,10075,10433,10075,4604.51841364]
[1520439300000,10664,10431,10665,10425,1148.01488346]
[1520438400000,10661,10665,10690,10639,205.89568778]
[1520437500000,10621,10661,10675,10609,261.05686655]
[1520436600000,10682,10621,10682,10600,230.77237401]
[1520435700000,10672,10681,10692,10639,254.70026865]
[1520434800000,10661,10669,10719,10624,720.04295923]
[1520433900000,10599,10662,10672,10582,478.39070676]
[1520433000000,10620,10599,10620,10568,153.17921813]
[1520432100000,10571,10620,10626.95005863,10570,269.75152655]
[1520431200000,10524,10570,10584,10524,220.2382858]
[1520430300000,10552,10525,10559,10513,357.66304525]
[1520429400000,10606,10553,10619,10536,391.51877525]
[1520428500000,10618,10605,10644,10599,152.56329892]
[1520427600000,10598,10618,10624,10589,127.17796951]
[1520426700000,10653,10598,10653,10590,227.17209319]
[1520425800000,10581,10653,10659,10581,181.56109579]
[1520424900000,10626,10580,10626,10576,292.81663737]
[1520424000000,10639,10626,10674,10609,341.44690896]
[1520423100000,10578,10639,10639,10575,224.03477163]
[1520422200000,10582,10577,10628,10575,514.75837444]
[1520421300000,10480,10582,10584,10479,800.98794274]
[1520420400000,10491,10477,10518,10431,439.46849121]
[1520419500000,10523,10492,10530,10443,199.75727322]
[1520418600000,10550,10524,10556,10465,253.76870564]
[1520417700000,10537,10551,10562,10505,120.45421333]
[1520416800000,10483,10537,10555,10482,369.11481109]
[1520415900000,10456,10488,10500,10432,263.05674968]
[1520415000000,10536,10456,10540,10400,658.35695192]
[1520414100000,10516,10532,10543,10452,491.34663241]
[1520413200000,10539,10515,10540,10483,317.37377262]
[1520412300000,10540,10539,10596,10532,354.40385915]
[1520411400000,10595,10540,10596,10515,353.76852222]
[1520410500000,10540,10595,10625,10540,493.314347]
[1520409600000,10509,10540,10594,10509,356.13866332]
[1520408700000,10460,10510,10529,10459,576.57802067]
[1520407800000,10482,10460,10483,10411,905.5385828]
[1520406900000,10493,10482,10506,10469,277.93153395]
[1520406000000,10485,10494,10539,10485,318.98429354]
[1520405100000,10568,10485,10591,10467,811.57824381]
[1520404200000,10558,10567,10606,10550,261.99923587]
[1520403300000,10534,10556,10592,10533,397.89961852]
[1520402400000,10652,10534,10652,10522,982.20602492]
[1520401500000,10677,10652,10678,10632,300.99384986]
[1520400600000,10764,10678,10764,10637,395.80015696]
[1520399700000,10817.01449009,10764,10818,10744,218.3660163]
[1520398800000,10771,10818,10818,10768,238.98181871]
[1520397900000,10765,10775,10795,10750,397.56546874]
[1520397000000,10768.94604659,10765,10781,10724,413.86461399]
[1520396100000,10732,10768,10769,10701,341.13915948]
[1520395200000,10726,10732,10766,10721.62285027,217.62000504]
[1520394300000,10686,10726,10743,10680.01321572,169.93502147]
[1520393400000,10729,10686,10742,10686,238.79352532]
[1520392500000,10724.10700756,10728,10737,10692,178.43588174]
[1520391600000,10781,10722.11968173,10794,10666,416.14838233]
[1520390700000,10757,10782,10835,10756.0284287,232.56006369]
[1520389800000,10759,10756.0284287,10783,10721,344.99793219]
[1520388900000,10844,10760,10853,10759,205.96675517]
[1520388000000,10856,10844,10873,10821,107.54276922]
[1520387100000,10836,10856.88521454,10899,10836,295.58444206]
[1520386200000,10799,10836,10861,10793,207.94482912]
[1520385300000,10801,10799,10850,10790,183.25828238]
[1520384400000,10858,10801,10858,10801,289.61737451]
[1520383500000,10846,10858,10896,10846,405.6231853]
[1520382600000,10809,10846,10863,10790,525.27094605]
[1520381700000,10775.95473587,10809,10839,10739,461.77288508]
[1520380800000,10719,10776,10800,10713,518.60325743]
[1520379900000,10663,10720,10740,10644,421.84873978]
[1520379000000,10625,10662.18248611,10681,10625,234.17787016]
[1520378100000,10652,10625.01941729,10660,10583,532.95965664]
[1520377200000,10763,10651.24053213,10772,10625,507.76121244]
[1520376300000,10771,10763,10792.57591516,10755,108.67547588]
[1520375400000,10752,10771,10799,10730,194.56783249]
[1520374500000,10730,10753,10763,10710,246.65980476]
[1520373600000,10776,10730,10776,10730,257.99143794]
[1520372700000,10755,10776,10812,10754.59661264,518.97658071]
[1520371800000,10727,10755,10755,10719,218.15108844]
[1520370900000,10737.22046116,10727,10776,10714,403.56474554]
[1520370000000,10650,10735,10763,10648,741.66042202]
[1520369100000,10676,10651,10681,10600,468.91412839]
[1520368200000,10635,10675,10693,10582,438.15578564]
[1520367300000,10652,10636,10655,10621,208.75633872]
[1520366400000,10711,10652,10718,10624,327.75052971]
[1520365500000,10644,10710,10725,10643,518.81899472]
[1520364600000,10620,10645,10685,10567,845.65403639]
[1520363700000,10646,10619,10680.12739201,10601,387.86098921]
[1520362800000,10721,10645,10722,10590,2103.23686027]
[1520361900000,10853,10722,10854,10678,1723.01894904]
[1520361000000,10820,10852,10855,10810,172.89706581]
[1520360100000,10845,10821,10881,10799,510.59657335]
[1520359200000,10776,10846,10855,10776,482.24638538]
[1520358300000,10810,10776,10822,10775,284.58863974]
[1520357400000,10786,10809,10828,10752,1159.89719233]
[1520356500000,10910,10790,10910,10782,1491.93956735]
[1520355600000,10955,10911,10960,10901,277.27727315]
[1520354700000,11003,10954,11003,10940,176.96658134]
[1520353800000,10939,11002,11003,10939,295.16198177]
[1520352900000,10959,10940,10959,10922,466.33508948]
[1520352000000,10972.7148704,10958,10973,10958,225.58464136]
[1520351100000,10969,10972.34280045,11009.92186531,10969,170.05303974]
[1520350200000,11028,10970,11034,10968,252.28680559]
[1520349300000,11000,11027,11039,10970,533.96480084]
[1520348400000,10993,11000,11005,10955,324.98167767]
[1520347500000,10948,10993,11016,10942,603.57709851]
[1520346600000,10895,10947,10967,10895,437.35569182]
[1520345700000,10878,10896,10908,10878,233.96481091]
[1520344800000,10850,10877,10885.92418279,10850,259.28099787]
[1520343900000,10839,10850,10875,10821,1036.13274755]
[1520343000000,10906,10839,10908,10839,1029.61519096]
[1520342100000,10919,10905,10927,10903,126.9344078]
[1520341200000,10928,10920,10928,10879,413.89565078]
[1520340300000,10914,10928,10935,10910,240.63972489]
[1520339400000,10897,10914,10926,10895,415.93770161]
[1520338500000,10939,10897,10940,10871,536.99828354]
[1520337600000,10943,10940,10970,10915,392.96560811]
[1520336700000,10922.70135905,10943,10961,10922,240.45623406]
[1520335800000,10891,10922.70135905,10935,10884,289.81711421]
[1520334900000,10969,10890,10970,10870,906.63069108]
[1520334000000,10942,10969,10977.80473553,10917,543.42856456]
[1520333100000,10948,10942,11018,10937.65634709,1061.08122079]
[1520332200000,11070,10950,11070,10906,3355.46542437]
[1520331300000,11120,11070.9915152,11137,11060,897.33038809]
[1520330400000,11270,11120,11270,11120,898.4417714]
[1520329500000,11282,11270,11287,11261,91.32347388]
[1520328600000,11285.97549759,11281,11290,11272,98.8052005]
[1520327700000,11285,11286,11311,11283,112.41135983]
[1520326800000,11258,11284,11289,11256,202.36339375]
[1520325900000,11250,11258,11262,11247,180.13130778]
[1520325000000,11281,11248,11281,11247,483.00878556]
[1520324100000,11260,11280,11304,11259,293.61621111]
[1520323200000,11271,11260,11290,11257,113.6916453]
[1520322300000,11264,11270,11285,11264,88.15169566]
[1520321400000,11264,11265,11265,11251,61.05913352]
[1520320500000,11252,11265,11265,11223,214.12746202]
[1520319600000,11292,11253,11292,11248,195.86640493]
[1520318700000,11286,11291,11317,11282,182.84002082]
[1520317800000,11299,11285,11299,11276,117.26858315]
[1520316900000,11322,11298,11333,11298,173.92575417]
[1520316000000,11301,11325,11339,11299,172.89228574]
[1520315100000,11294,11301,11318.00468135,11285,66.05701139]
[1520314200000,11288,11293,11324,11275,245.42287578]
[1520313300000,11290,11288,11314,11275,218.01724863]
[1520312400000,11281,11290,11290,11222,173.24466]
[1520311500000,11287,11279,11304,11270,95.802936]
[1520310600000,11325,11287,11327,11180,587.50446634]
[1520309700000,11277.24356005,11324,11328,11277,268.04708821]
[1520308800000,11249,11277,11288,11244,196.74357013]
[1520307900000,11222,11250,11250,11221,135.30635125]
[1520307000000,11211,11223,11254,11199,208.91319891]
[1520306100000,11238,11219,11240,11195,146.8913625]
[1520305200000,11262,11238,11274,11181,350.80128604]
[1520304300000,11229,11262,11269,11228,48.99303855]
[1520303400000,11244,11228,11245,11210,210.54849669]
[1520302500000,11259,11245,11274,11236,144.52205741]
[1520301600000,11286,11260,11286,11227,215.3333488]
[1520300700000,11234.74688449,11286,11290,11234.74688449,190.55092118]
[1520299800000,11249,11229,11286,11216,928.58473932]
[1520298900000,11229,11250,11254,11213,286.11784023]
[1520298000000,11297,11230,11297,11176,1255.51427171]
[1520297100000,11300,11298,11337,11293,360.62499924]
[1520296200000,11278,11300,11321,11255,491.33181945]
[1520295300000,11357,11278,11386,11251,1004.27818795]
[1520294400000,11402,11358,11411,11315,1439.82648718]
[1520293500000,11568,11402,11569,11356,1190.85710583]
[1520292600000,11591,11567,11597,11549,200.33202224]
[1520291700000,11599,11589,11599,11575,129.73070224]
[1520290800000,11560,11599,11606,11558,160.9052551]
[1520289900000,11594,11559,11598,11532,393.15547837]
[1520289000000,11610,11595,11615,11593,149.18447727]
[1520288100000,11589,11610,11612,11588,127.84247202]
[1520287200000,11576,11589,11589,11560,113.08434878]
[1520286300000,11580,11576,11590,11557,137.66068758]
[1520285400000,11539,11579,11595,11531,217.78178002]
[1520284500000,11544,11530,11580,11515,329.67634144]
[1520283600000,11604,11544,11610,11541,250.84523352]
[1520282700000,11610,11604,11630,11580,301.57506932]
[1520281800000,11629,11609,11662,11531,1267.95342929]
[1520280900000,11661,11629,11693,11614,472.72659702]
[1520280000000,11648,11660,11698,11632,571.27808386]
[1520279100000,11642,11648,11649,11634,203.84858391]
[1520278200000,11642,11642,11664,11635,280.99025103]
[1520277300000,11659.85903077,11641,11665,11631,282.17649624]
[1520276400000,11670,11665,11691,11640,361.47101096]
[1520275500000,11576,11670,11700,11576,1987.72154555]
[1520274600000,11507,11577,11585,11507,574.03734079]
[1520273700000,11487,11507,11510,11480,144.79095339]
[1520272800000,11487,11487,11513,11486,206.78689421]
[1520271900000,11510,11487,11516.81652503,11486,197.15017304]
[1520271000000,11520,11509,11520,11475,340.69299771]
[1520270100000,11517,11520,11520,11509,62.3472072]
[1520269200000,11518,11515,11537,11513,91.57165469]
[1520268300000,11531,11519,11532,11505,113.07701226]
[1520267400000,11528,11532,11548,11527,140.11800648]
[1520266500000,11505,11529,11546,11505,155.59559587]
[1520265600000,11508,11506,11530,11496,219.99062924]
[1520264700000,11494,11508,11518,11494,168.35098078]
[1520263800000,11466,11494,11511,11461,144.30764169]
[1520262900000,11480,11466,11480,11464,128.11501347]
[1520262000000,11477,11480,11515,11475,289.53233192]
[1520261100000,11478,11477,11479,11432,258.45663888]
[1520260200000,11488,11478,11488.56376331,11442,438.68397366]
[1520259300000,11523,11488,11544,11464,361.20263496]
[1520258400000,11515,11523,11550,11511,165.74773694]
[1520257500000,11515,11515,11516,11500,162.30332134]
[1520256600000,11522,11516,11527,11499,174.38799859]
[1520255700000,11511.05867242,11523,11536,11510,123.31312469]
[1520254800000,11536,11511.05867242,11541,11488,327.98210725]
[1520253900000,11516,11537,11544,11498,314.05436533]
[1520253000000,11547,11516,11550,11495,332.13297905]
[1520252100000,11554,11546,11580,11543,306.62506325]
[1520251200000,11506,11555,11567,11506,397.36719372]
[1520250300000,11521,11506,11534,11484,148.57916505]
[1520249400000,11495,11522,11538,11471,263.44486077]
[1520248500000,11471,11495,11495,11470,72.83508002]
[1520247600000,11493,11470,11500,11469,69.41780661]
[1520246700000,11462,11494,11501,11461,147.29986329]
[1520245800000,11425,11461,11466,11420,130.0591992]
[1520244900000,11454,11425,11464.46606725,11400,396.04458911]
[1520244000000,11460,11454,11463,11429,159.03158766]
[1520243100000,11478,11457,11480,11451,128.99032716]
[1520242200000,11458,11479,11485,11457,128.52055021]
[1520241300000,11453,11459,11460,11443,87.75323938]
[1520240400000,11439,11455,11467,11425,143.12858701]
[1520239500000,11477,11438,11477,11424,266.55481274]
[1520238600000,11527,11477,11527,11438,562.68793565]
[1520237700000,11539,11527,11546,11521,109.51950675]
[1520236800000,11517,11539,11545,11517,177.53486843]
[1520235900000,11540,11518,11550,11501,305.609221]
[1520235000000,11580,11540,11581,11537,182.39973989]
[1520234100000,11520,11581,11603,11517,486.35199473]
[1520233200000,11534,11519,11535,11509,178.77145947]
[1520232300000,11508,11534,11545,11507,140.83189547]
[1520231400000,11549,11507,11549,11499,490.02175281]
[1520230500000,11543,11548,11560,11531,56.9768654]
[1520229600000,11529,11542,11560,11524,196.02384789]
[1520228700000,11503,11530,11540,11503,178.73135231]
[1520227800000,11484,11503,11518,11475,146.5514386]
[1520226900000,11522,11483,11526,11476,286.78264439]
[1520226000000,11517,11523,11544,11511,167.23252211]
[1520225100000,11546,11517,11555,11516,164.79906104]
[1520224200000,11597,11545,11598,11534,533.9526303]
[1520223300000,11595,11596,11623,11575,790.27080474]
[1520222400000,11571,11595,11600,11557,192.08589988]
[1520221500000,11586,11571,11590,11550,215.3636508]
[1520220600000,11516,11586,11589,11513,529.98882501]
[1520219700000,11480,11517,11539,11479,174.12707254]
[1520218800000,11535,11480,11545,11473,401.68358019]
[1520217900000,11522,11535,11535,11504,341.41317456]
[1520217000000,11484,11522,11522,11482,780.865762]
[1520216100000,11484,11485,11485,11468,118.10410396]
[1520215200000,11480,11484,11485,11466,200.1313117]
[1520214300000,11478,11479,11480,11446,328.89307315]
[1520213400000,11460,11479,11480,11460,132.57801842]
[1520212500000,11450,11461,11465,11424,199.58387996]
[1520211600000,11474,11450,11475,11449,143.43884707]
[1520210700000,11452,11474,11474,11445,320.00308499]
[1520209800000,11424,11452,11456,11418,266.70542273]
[1520208900000,11478,11423,11489,11422,182.63550897]
[1520208000000,11500,11477,11518,11427,379.62965802]
[1520207100000,11499,11500,11544,11495,455.95334991]
[1520206200000,11477,11500,11528,11477,387.31863889]
[1520205300000,11441,11477,11477,11440,152.29987274]
[1520204400000,11422,11441,11471,11421,452.60520975]
[1520203500000,11407,11421,11433,11389,241.75620804]
[1520202600000,11417,11406,11452,11375,549.31590591]
[1520201700000,11424,11416,11458,11411,211.9658975]
[1520200800000,11441,11423,11466,11406,413.90355743]
[1520199900000,11458,11442,11458,11400,355.72007264]
[1520199000000,11441,11457.00181673,11470,11431,100.52118619]
[1520198100000,11462,11441,11468.9816067,11419.08639899,157.77718473]
[1520197200000,11484,11463,11549,11439,869.20922939]
[1520196300000,11429,11483,11500,11428,421.59007895]
[1520195400000,11446,11429,11450,11405,264.25867447]
[1520194500000,11448,11446,11500,11423,392.91210256]
[1520193600000,11376,11448,11478,11375,578.83059002]
[1520192700000,11397,11376,11411,11369,163.06259735]
[1520191800000,11381,11397,11420,11354,200.3695408]
[1520190900000,11423,11381,11424,11360,734.06067854]
[1520190000000,11362,11423,11423,11362,950.28163235]
[1520189100000,11331,11363,11377,11330,641.96818174]
[1520188200000,11299.18018644,11330,11335,11277,901.41640597]
[1520187300000,11158,11299.18018644,11300,11158,1010.17433078]
[1520186400000,11124,11158,11158,11113,125.02597463]
[1520185500000,11128,11125,11133,11122,63.74589431]
[1520184600000,11142,11128,11148,11127,77.91233474]
[1520183700000,11132,11141,11142,11120,71.12762601]
[1520182800000,11147,11133,11162,11120,99.32688768]
[1520181900000,11100,11142.04514644,11165,11099,148.28213602]
[1520181000000,11143,11099.03328059,11153,11099,141.01683761]
[1520180100000,11165,11144,11170,11136,121.98990366]
[1520179200000,11141,11165,11169,11140,110.42631907]
[1520178300000,11108,11141,11144,11102,112.32056496]
[1520177400000,11123,11108,11127,11087,115.6607475]
[1520176500000,11115,11121,11129,11103,85.15462278]
[1520175600000,11125.90029135,11117,11127,11076,308.27271396]
[1520174700000,11150,11125.90029135,11153,11104,147.3299548]
[1520173800000,11146,11151,11158,11133.04839513,34.00567441]
[1520172900000,11146,11145,11165.70783481,11110,218.62217916]
[1520172000000,11186,11146,11190,11131,355.80994058]
[1520171100000,11199.96943569,11186,11213,11178,169.82516543]
[1520170200000,11167,11200,11200,11164,564.79310339]
[1520169300000,11175,11165,11194,11130,462.68034463]
[1520168400000,11203,11174,11239,11157,336.81998065]
[1520167500000,11169,11203,11223.75536724,11168,1044.82770494]
[1520166600000,11148,11169,11170,11144,182.20335407]
[1520165700000,11180,11147,11180,11132,210.02940025]
[1520164800000,11144,11183.94782377,11205,11134.03434048,1083.19938284]
[1520163900000,11153.99973379,11144,11159.91540589,11125,79.90028766]
[1520163000000,11159,11153,11184,11129,128.27955605]
[1520162100000,11127,11159,11159,11116,133.53505517]
[1520161200000,11130.09055908,11127,11131,11080.67004846,311.98636637]
[1520160300000,11136,11130,11140,11095,661.99542]
[1520159400000,11211,11135,11211,11050,796.80607371]
[1520158500000,11210,11210.9380777,11213,11205,70.43569186]
[1520157600000,11229,11210,11229,11209,116.32782567]
[1520156700000,11242,11229,11243,11226,138.81676914]
[1520155800000,11225,11243,11249,11225,405.79293729]
[1520154900000,11214,11225,11229,11184,59.48623892]
[1520154000000,11221,11215,11223,11201,77.47694291]
[1520153100000,11178,11222,11228,11177,282.13025213]
[1520152200000,11184,11178,11184,11164,105.93818055]
[1520151300000,11178.03215168,11184,11200,11162,123.43180667]
[1520150400000,11155,11177,11197,11121,325.40830734]
[1520149500000,11101,11156,11156,11090,302.62726909]
[1520148600000,11122,11102,11123,11057,657.876048]
[1520147700000,11108,11123,11141.18244426,11102,200.60951093]
[1520146800000,11114,11108,11153,11102,190.56553596]
[1520145900000,11174,11105,11174,11101,448.42748137]
[1520145000000,11189,11175,11194,11163,65.94791971]
[1520144100000,11206,11192,11210,11169,96.38001766]
[1520143200000,11201,11204,11207,11158,224.23803515]
[1520142300000,11150,11202,11216,11142,179.21204795]]