1523035800000,6587.2,6602.6,6622,6587.1,234.95316819
1523034900000,6598.1,6587.2,6609.2,6581.1,314.3665291
1523034000000,6599.9,6598.1,6629.3,6597.3,244.68396626
1523033100000,6593.9,6600,6600,6589.6,105.94331794
1523032200000,6599.1,6594.6,6660,6581,1081
1523031300000,6595,6599,6604.6,6581.9,293.31910674
1523030400000,6588.2,6595.06472045,6606.9,6580,376.51092451
1523029500000,6597.6,6587.23050703,6597.6,6560,369.54726658
1523027700000,6588.5,6591.10372768,6598,6579.9,230.81790177
1523026800000,6591,6588.5,6605,6582.3,216.24169426
1523025900000,6610.2,6590.9,6610.2,6585.1,266.08117474
1523025000000,6617.3,6613.1,6632,6602.2,293.85769559
1523024100000,6611.5,6617.3,6620.8,6593.9,229.53924046
1523023200000,6615.4,6611.5,6615.9,6596.1,256.54180819
1523022300000,6581.8,6615.3,6640.1,6581.8,394.72669144
1523021400000,6578.4,6581.8,6590.7,6573.4,186.28041869
1523020500000,6594.8,6581.1,6598.7,6570,241.33862191
1523019600000,6604.2,6594.8,6604.2,6580.00106141,137.64199177
1523018700000,6583.3,6604.1,6614.0946614,6583.3,208.76847931
1523017800000,6560,6583.3,6600,6560,227.14623631
1523016900000,6576.6,6560,6576.6,6550,171.53178534
1523016000000,6609.8,6576.5,6609.8,6551,564.04702826
1523015100000,6600,6609.8,6630.7,6595,205.29120652
1523014200000,6612,6598.6,6623.2,6594,318.40152278
1523013300000,6633.1,6612,6636.1,6603,482.45605008
1523012400000,6502.1,6632.3,6660,6500.2,1914
1523011500000,6568.3,6502.2,6578.6,6501,897.38531944
1523010600000,6580,6568.3,6587,6564,148.36398374
1523009700000,6574.3,6580,6591.1,6562.2,194.57266618
1523008800000,6575.4,6574.3,6593.6,6562,254.79368856
1523007900000,6573.2,6575.3,6599,6561.3,193.33986176
1523007000000,6547.6,6574,6585.88638927,6546.9,242.97629809
1523006100000,6581.8,6547.5,6588.9,6545.8,331.50104661
1523005200000,6594.4,6576.7,6598.9,6576.7,187.27902896
1523004300000,6587.3,6594.6,6606,6564,455.7542056
1523003400000,6577.31467865,6588,6610,6574.63107859,248.80596535
1523002500000,6611.9,6577.6,6614.9,6571.1,424.68464388
1523001600000,6619.3,6611.9,6619.4,6591.2,452.80278513
1523000700000,6572.5,6619.4,6671.07033639,6572.4,1070
1522999800000,6598.7,6572.4,6604,6560.1,882.02632178
1522998900000,6563.1,6598.6,6600,6561,1106
1522998000000,6577.1,6563.1,6611.6,6563,1321
1522997100000,6558.9,6578.3,6580.33244388,6540.1,786.79294203
1522996200000,6519.9,6558.9,6590,6519.8,2205
1522995300000,6644,6519.9,6660,6501,2834
1522994400000,6760,6644.4,6760.2,6615,2943
1522993500000,6776.6,6760,6788.5,6750,329.13715846
1522992600000,6790,6776.3,6800.5,6757,437.89746943
1522991700000,6796.4,6794,6814,6782.3,171.79411865
1522990800000,6786.4,6800.1,6864,6783.9,849.50516665
1522989000000,6791.3,6779.2,6802.98016894,6776.5,165.68119767
1522988100000,6788,6790.8,6805,6770,167.37130278
1522987200000,6756.3,6788,6800,6746.6,756.86665854
1522985400000,6742.8,6772.4,6781.7,6742.8,212.73935265
1522984500000,6751.9,6742.9,6761.5,6740,100.612131
1522983600000,6765,6751.9,6769.1,6734.1,454.33212257
1522982700000,6759.9,6765,6779.96854224,6748.6,326.21948648
1522981800000,6733.6,6759.8,6768.19946622,6728.2,686.13606521
1522980900000,6792,6734.9,6792,6716.2,707.36937054
1522980000000,6792.1,6792,6820,6783.2,321.08264887
1522979100000,6789,6792.1,6800,6775,166.78491342
1522977300000,6802.2,6783.4,6808.1,6750.9,266.05155307
1522976400000,6799,6803.1,6826.8,6794.3,555.1612482
1522975500000,6814.1,6799.1,6845.4,6795.4,350.69132249
1522974600000,6813.1,6814.1,6820.5,6790.8,130.42144746
1522973700000,6785.1,6820,6827.2,6784,142.66201171
1522972800000,6770.4,6783.4,6798.1,6761,248.1700523
1522971900000,6804.9,6769,6817.64071538,6757.1,186.76753856
1522971000000,6800,6804.8,6814.1,6780.2,181.09145852
1522970100000,6801.7,6800,6819.89860443,6780,261.64911805
1522969200000,6823.20418315,6802.7,6850.9,6798.5,504.64322476
1522968300000,6784.8,6823.20418315,6836.7,6775,433.95773409
1522967400000,6750,6783.1,6830,6750,521.40208654
1522966500000,6768.6,6753.7,6777.1,6747,122.14944715
1522965600000,6719.7,6768.7,6777,6719.6,273.75768943
1522964700000,6728.5,6719.6,6732.3,6705.2,122.45254068
1522963800000,6719.6,6726.6,6733.7,6710,135.39907835
1522962900000,6698.2,6719.5,6734.1,6698.1,183.5596151
1522962000000,6749.6,6698.2,6749.9,6681,600.02955895
1522961100000,6757.7,6749.5,6763.7,6741,159.984786
1522960200000,6773.7,6754.6,6773.7,6730.2,172.80141455
1522959300000,6766.6,6773.6,6785.17942092,6751.6,180.15292809
1522958400000,6763.1,6766.7,6786.4,6745.5,221.76040563
1522957500000,6776.7,6763.1,6778.8,6746,313.23208947
1522956600000,6733.8,6776.4,6810,6728.2,754.14432296
1522955700000,6715.1,6733.8,6750,6700,295.79102373
1522954800000,6700.9,6715.3,6750,6694,180.19878685
1522953900000,6725,6694.7,6736.4,6677.3,401.76194192
1522953000000,6722.9,6721.2,6761.8,6710,247.07134928
1522952100000,6712.4,6723,6744.5,6710,136.92543696
1522951200000,6692.6,6712.4,6736,6671.2,298.38967305
1522950300000,6675.5,6692,6735,6674,439.69047003
1522949400000,6751.3,6673,6757.3,6666,354.67822321
1522948500000,6700,6751.3,6791.2,6696.9,597.74500531
1522947600000,6706.4,6700,6740,6696.4,272.57994484
1522946700000,6739.1,6706.5,6746.9,6690,313.03367235
1522945800000,6691.2,6740.2,6763.9,6657,792.751066
1522944900000,6687.5,6691.2,6694,6657.2,431.35648804
1522944000000,6739,6685.6,6758.8,6660,522.5901381
1522943100000,6754.9,6739,6767,6724.5,263.76727491
1522942200000,6731.9,6753.2,6779.3,6726.8,408.77360151
1522941300000,6748.9,6732,6764.9,6700,610.66771962
1522940400000,6758,6748.8,6767.7,6701,608.08303672
1522939500000,6819,6758.1,6834.24788014,6745.8,659.82544454
1522938600000,6847.7,6818,6860.1,6809.6,638.45594196
1522937700000,6911.3,6847.6,6911.4,6845,776.82578197
1522936800000,6836.9,6911.3,6912.8,6804,926.98795087
1522935900000,6799.7,6836.8,6867.9,6796,1610
1522935000000,6657.4,6799.7,6799.8,6648.9,1163
1522934100000,6638,6657.6,6673,6637.5,300.61833382
1522933200000,6655.9,6637.8,6682.4,6621,304.31608475
1522932300000,6660,6656,6677,6610.6,931.61229075
1522931400000,6670.2,6660,6704,6659.9,558.23975249
1522930500000,6687,6670.2,6697.1,6650,831.95077951
1522929600000,6781.8,6687,6787,6671,1374
1522928700000,6777.2,6781.8,6800.2,6777.2,329.60257634
1522927800000,6788.2,6777.2,6813,6777,190.90805923
1522926900000,6778.6,6791.2,6813,6778.1,305.77937073
1522926000000,6788.1,6778.5,6789.9,6752.9,240.63749539
1522925100000,6787.3,6786.5,6815.1,6773,279.10309965
1522924200000,6759.1,6787.2,6787.2,6752.3,171.77892697
1522923300000,6782.44249492,6759.1,6807.8,6758.9,204.88160972
1522922400000,6842,6781.4,6842.1,6766,895.82366652
1522921500000,6869,6842,6880.8,6832.2,367.37389739
1522920600000,6841.2,6869,6869,6830,181.59763512
1522919700000,6844.1,6842.9,6860,6830.1,157.6463309
1522918800000,6860,6844.1,6893.9,6829.2,548.23663712
1522917900000,6890,6859.9,6903.5,6852,594.53630099
1522917000000,6833.4,6889.9,6938,6817,1579
1522916100000,6845.3,6831.6,6845.4,6799.2,400.90327286
1522915200000,6788,6845.3,6846.2,6773.40430098,528.03583296
1522914300000,6803.1,6788,6818.5,6775,310.43571293
1522913400000,6791.6,6803.2,6824.1,6784.1,280.57249755
1522912500000,6759.7,6791,6814.1,6754,354.39796987
1522911600000,6740.1,6757.9,6769.1,6703.4,478.78198717
1522910700000,6794.9,6740.2,6795.1,6726.1,625.85153581
1522909800000,6785.4,6796.1,6814.8,6782.1,195.99270068
1522908900000,6827.9,6783.9,6830,6780.3,305.7140262
1522908000000,6848.9,6827.7,6865.5,6816.00963133,427.46547751
1522907100000,6774.7,6849,6865.6,6771.3,510.03802382
1522906200000,6804.3,6774.7,6817.97520915,6771.7,332.73072783
1522905300000,6763.4,6804.2,6807.9,6763.4,234.35826941
1522904400000,6781.3,6763.3,6822.9,6760.6,457.08868936
1522903500000,6806,6781,6806.1,6752.6,442.38585886
1522902600000,6821.9,6806,6837.6,6806,191.77717166
1522901700000,6812.5,6821.9,6821.9,6779,352.86063796
1522900800000,6762.6,6812.4,6870.8,6745,1093
1522899900000,6631.9,6763.3,6795,6629,1285
1522899000000,6592.7,6632,6640,6587.6,561.46545309
1522898100000,6614,6593.1,6615,6593.1,207.03695479
1522897200000,6607,6613.9,6640,6600,364.26452911
1522896300000,6596.2,6607,6615.9,6595,211.26616756
1522895400000,6637.8,6596.3,6643.3,6587.5,546.94640405
1522894500000,6614.3,6638,6652.9,6614.2,510.19839935
1522893600000,6608,6614.5,6651.9,6595,596.75351539
1522892700000,6608,6606.79844228,6613,6574.9,564.66175824
1522891800000,6590.1,6608,6622,6564.9,1189
1522890900000,6693.93634726,6590.1,6695.6,6586,1447
1522890000000,6695,6697.8,6707.9,6680,459.85435806
1522889100000,6745.9,6695,6767.5,6681.1,859.39117467
1522888200000,6814.9,6746.4,6819.91932173,6742.6,471.16938258
1522887300000,6784.6,6814.8,6814.9,6778.8,129.51441686
1522886400000,6785.9,6790.6,6805.6,6769.9,295.62137509
1522885500000,6817,6786,6832.6,6785.3,272.97241868
1522884600000,6759.5,6816.9,6817,6759.5,395.11999394
1522883700000,6735.7,6759.5,6785.7,6709,550.31582658
1522882800000,6748.9,6737.1,6783.4,6734.7,264.37415361
1522881900000,6741.44053733,6749,6788,6733.5,374.93132164
1522881000000,6796.8,6742.5,6799.7,6670,1341
1522880100000,6805.1,6795.4,6815,6786.5,141.43585596
1522879200000,6816.3,6805.1,6820.2,6786.4,326.91270493
1522878300000,6794.2,6816.3,6842.9,6775,269.99099911
1522877400000,6786.9,6794.1,6803.9,6754.7,408.67079752
1522876500000,6848,6786.9,6854.1,6776.8,461.98776073
1522875600000,6826.2,6849.9,6855.2,6826.1,151.09522548
1522874700000,6873,6826.2,6878,6826.2,222.85134001
1522873800000,6882.4,6873,6895.1,6852.9,226.48267167
1522872900000,6889.9,6889.9,6897.2,6865,158.10131928
1522872000000,6855.5,6889.8,6899,6855.2,394.29272462
1522871100000,6857.8,6855.6,6882.7,6855.2,392.03140885
1522870200000,6808.8,6857.9,6869.9,6773,517.56324561
1522869300000,6810,6805.3,6814.2,6763.4,328.37881817
1522868400000,6843.3,6809.9,6843.6,6804.1,361.00859437
1522867500000,6804,6845.4,6845.4,6794,657.03887453
1522866600000,6781.5,6804,6822.5,6762.9,628.97044073
1522865700000,6733.7,6781.4,6790,6733.6,654.04813894
1522864800000,6839.9,6733.7,6857.9,6725,1099
1522863900000,6860,6840,6863.7,6819,243.32297303
1522863000000,6824.8,6862.1,6863.3,6816,245.69954744
1522862100000,6878,6824.8,6887.1,6810.1,519.89582341
1522861200000,6887.6,6878,6887.8,6860,339.23638348
1522860300000,6909,6885.3,6909.4,6869.2,337.8065026
1522859400000,6860.4,6909,6909,6839.3,537.030809
1522858500000,6849,6860.4,6867,6815.1,605.55528243
1522857600000,6789,6849,6853.1,6789,822.99963791
1522856700000,6884.5,6789,6890.2,6750,1841
1522855800000,6889.1,6882.7,6902.4,6865,395.17665779
1522854900000,6867.9,6889.1,6910,6865.1,870.30262422
1522854000000,6869.4,6866.1,6901,6866.1,686.40043734
1522853100000,6877.1,6869.4,6899.5,6861,952.58129419
1522852200000,6880.7,6877.8,6900,6840,824.03821973
1522851300000,6918.7,6879.7,6918.7,6844.5,1870
1522850400000,7072.9,6918.6,7073.1,6877.1,2761
1522849500000,7094,7074.5,7094.1,7060,207.62885605
1522848600000,7080,7094,7110.2,7079.4,373.32143339
1522847700000,7074.2757746,7080,7083.4,7060.2,438.24786346
1522846800000,7061.2,7076.2,7089.2,7052.4,293.80008739
1522845900000,7035.6,7061.2,7082.5,7035.6,414.55758491
1522845000000,7032.7,7035.6,7047,7010,379.00380793
1522844100000,7069.9,7032.7,7070.9,7031,238.32280563
1522843200000,7066.4,7070.3,7074.9,7041,235.3116067
1522842300000,7031.1,7067.3,7076.5,7031.1,294.22368542
1522841400000,7055.3,7031.2,7055.3,7001,565.53376554
1522840500000,7058.4,7055.4,7062,7005,584.3951601
1522839600000,7099,7058.5,7103,7030.3,557.71680254
1522838700000,7107,7099,7119,7081.1,435.01036343
1522837800000,7118,7107,7120,7085,433.30233574
1522836900000,7060.1,7118,7168,7058.3,1350
1522836000000,7089.5,7060.04290797,7108.4,7029,1067
1522835100000,7148.9,7089.5,7152.1,7000.2,3402
1522834200000,7143,7148.6,7192.9,7125,1377
1522833300000,7268,7143,7275.8,7130,3431
1522832400000,7310,7268,7310.1,7268,268.02583677
1522831500000,7324.8,7310,7325,7281.9,474.70050326
1522830600000,7330.8,7324.8,7340.1,7324.8,102.68193559
1522829700000,7321.3,7329.7,7347.8,7320.9,156.8213021
1522828800000,7316.8,7321.2,7328.1,7307.12325836,349.77643566
1522827900000,7356,7316.8,7358.9,7315.6,368.99885247
1522827000000,7372.6,7360.6,7378.8,7349.9,225.01496236
1522826100000,7364.1,7372.6,7384.44692145,7350.9,197.21080373
1522825200000,7347.9,7364,7371.67998193,7345.2,183.11625289
1522823400000,7362.5,7347.2,7366.7,7346.6,143.42419055
1522822500000,7348,7362.5,7377.81793362,7342.83059771,150.31648456
1522821600000,7358.7,7349.7,7359.1,7333.3,187.56971173
1522819800000,7382.4,7361.1,7395,7345.2,336.02362569
1522818900000,7367.5,7381.6,7384.4,7355,510.01282297
1522818000000,7307.7,7367.4,7384.4,7305.61191654,1252
1522817100000,7285.7,7307.6,7320.2,7271,982.52318884
1522816200000,7290,7285.8,7290.1,7269.5,282.89271147
1522815300000,7301.4,7290,7301.5,7283,144.35600386
1522814400000,7292,7301.4,7308.5,7288,185.67116327
1522813500000,7315.1,7291.9,7315.1,7282.2,194.13775556
1522812600000,7322.5,7315.1,7323.9,7315,124.97441004
1522811700000,7292.10165611,7322.5,7345.7,7291,332.88406605
1522810800000,7283.7,7297,7304.9,7269.3,443.49596418
1522809900000,7278.5,7283.6,7297.9,7272,344.86392904
1522809000000,7314.9,7278.5,7315,7253.3,888.66560966
1522808100000,7299,7314.9,7331.4,7299,243.85412553
1522807200000,7326.1,7299,7333.8,7299,544.68425716
1522806300000,7310,7330,7332.1,7310,280.89321451
1522805400000,7334.1,7310,7336.6,7284,808.38746291
1522804500000,7394.3,7334.1,7396.9,7300,1409
1522803600000,7398.1,7394.3,7408.8,7392,143.96106856
1522802700000,7409.2,7397.2,7416.8,7394.7,102.65612801
1522801800000,7383.3,7409.2,7422,7371.3,192.12391183
1522800900000,7396,7383.3,7408.1,7381.2,234.06548073
1522800000000,7405.6,7395.9,7405.6,7370,245.10693042
1522799100000,7417.1,7405.6,7417.2,7398.7,193.22585306
1522798200000,7422.9,7417.1,7430.3,7387.9,241.65921361
1522797300000,7400.1,7422,7450,7400.1,380.33399792
1522796400000,7391.7,7400.1,7421.8,7361.7,243.24651804
1522794600000,7399.8,7409.3,7409.3,7380.2,131.20130406
1522793700000,7388.1,7399.7,7399.7,7347,648.41842195
1522792800000,7427.1,7388.8,7427.2,7371.5,430.55682105
1522791000000,7411.4,7424.3,7433.2,7410.82607095,267.06137192
1522790100000,7384.9,7411.4,7417.7,7384.9,223.22954941
1522789200000,7403.4,7384.2,7414.7,7375,560.37440645
1522788300000,7400.6,7402.11120658,7426.3,7396.6,220.0816443
1522787400000,7473.2,7401.2,7473.2,7390,951.41740226
1522786500000,7475,7473.1,7486.1,7470,137.31406409
1522785600000,7465.70336219,7475,7488,7460,192.63276603
1522784700000,7476.8,7465.8,7481.5,7450,540.34143077
1522783800000,7487.2,7476.8,7509.7,7467,1054
1522782900000,7474.9,7486.9,7490,7459.4,224.92115949
1522782000000,7473.73960532,7474.9,7481,7453.1,275.05767503
1522781100000,7469,7473.73960532,7493,7468.9,515.13746045
1522780200000,7434,7468.9,7485,7433,619.42488654
1522779300000,7431,7434.1,7438.6,7419.02917195,254.52985646
1522778400000,7428.3,7431,7453,7419,505.65793511
1522777500000,7389.71124913,7428.3,7434,7389.71124913,553.87814577
1522776600000,7384.3,7389.71124913,7410.5,7384.3,165.29547454
1522775700000,7381.9,7384.3,7389.2,7377.1,170.72745811
1522774800000,7398.3,7381.9,7411,7370.4,352.08348752
1522773900000,7410.4,7399.1,7410.7,7387.6,235.76786965
1522773000000,7425.1,7410.4,7438.9,7388,316.83440925
1522772100000,7364.6,7425,7458,7359.8,1028
1522771200000,7382.3,7364.2,7393,7360,293.4514324
1522770300000,7379.7,7382.3,7422,7377.9,886.08450715
1522769400000,7365.2,7377,7399.1,7358,320.07199764
1522768500000,7341,7355.80257674,7383.4,7340,429.96102258
1522767600000,7354.9,7341,7372,7340,273.40252211
1522766700000,7319.4,7353.5,7366,7319.3,487.75088389
1522765800000,7313.3,7319.4,7336,7310.8,300.47780282
1522764900000,7343.9,7313.21796796,7344.8,7262.5,2113
1522764000000,7337.0071711,7345.7,7358,7329.9,307.57002386
1522763100000,7316,7337.0071711,7350.1,7316,228.44846163
1522762200000,7378,7315.7,7389.6,7296.4,778.35209811
1522761300000,7410.1,7372.62487144,7410.9,7372.62487144,502.57521045
1522760400000,7365,7410.5909855,7430.9,7353,931.16200204
1522759500000,7367.7,7365.5,7373.2,7351.07310493,220.29002996
1522758600000,7367.4,7367.09487444,7379.4,7351,243.23459873
1522757700000,7353.3,7367.4,7375.1,7337.4,239.71903126
1522756800000,7307.8,7353.3,7362,7302.8,382.84421246
1522755900000,7308,7308,7325,7295,253.78467981
1522755000000,7319,7307.9,7328.1,7284.1,308.32895216
1522754100000,7327.2,7320.5,7334.1,7309.2,108.62274531
1522753200000,7303.1,7326.3,7340,7303,563.46970668
1522752300000,7298.9,7303,7315,7270.3,753.92396092
1522751400000,7369.8,7297.9,7372.04828655,7280,1101
1522750500000,7389.7,7369.8,7390.9,7367,197.39487461
1522749600000,7361,7389.7,7394,7361,358.59011252
1522748700000,7366.4,7360.9,7383,7347.2,469.82551344
1522747800000,7371.8,7366.3,7384.8,7356.03815829,289.02388355
1522746900000,7346.3,7370.1,7379,7346.3,295.96060542
1522746000000,7345.9,7346.3,7358.4,7322,379.91110928
1522745100000,7359.1,7345.9,7366.9,7331,471.47376678
1522744200000,7398.1,7359.9,7398.1,7348,494.70614514
1522743300000,7384.2,7398.1,7404,7383.2,536.5943573
1522742400000,7393.4,7384.3,7395,7368.53400165,549.54724673
1522741500000,7344.7,7393.5,7427,7344.1,1720
1522740600000,7338.2,7341.9,7374,7336.5,670.96420321
1522739700000,7333,7336,7342.3,7314,206.7180348
1522738800000,7338.1,7333.1,7349,7315.3,236.68070703
1522737900000,7354.1,7338,7354.1,7305,366.10241573
1522737000000,7351.1,7354.1,7365,7338.5,485.06820114
1522736100000,7329.5,7351,7351.9,7317.5,603.29541291
1522735200000,7334.4,7329.6,7350,7323.5,504.91446698
1522734300000,7316.2,7333.9,7344,7280,1088
1522733400000,7319.1,7316.1,7345.7,7311.3,581.68289773
1522732500000,7357,7319.2,7357.1,7289,767.30199307
1522731600000,7363.3,7357,7390,7340,823.66066973
1522730700000,7309.7,7363.2,7385,7304.9,2032
1522729800000,7269,7303.7,7326,7250,1079
1522728900000,7293.6,7269,7298,7246,1206
1522728000000,7182,7293.6,7316.1,7181.5,2749
1522727100000,7155.1,7180,7187.9,7154.8,414.99316669
1522726200000,7159.3,7155,7167,7140.2,295.7907426
1522725300000,7160.1,7159.7,7167.7,7149.1,223.90804797
1522724400000,7188.1,7160.1,7192,7142.6,828.09127413
1522723500000,7064.9,7188.1,7198,7060.4,1848
1522722600000,7067.4,7066.19744142,7078,7048.3,268.81502595
1522721700000,7066,7067,7081,7053.3,294.24285579
1522720800000,7033.4,7066,7066,7033,129.92627399
1522719900000,7025,7033.5,7044,7020,169.82479203
1522717200000,7030.9,7036.9,7056.4,7027.5,235.48281759
1522716300000,7044.4,7027.1,7046.6,7019.9,398.33695821
1522715400000,7059.5,7041.9,7066.3,7035,492.92761548
1522714500000,7071.3,7058.5,7076,7056,188.82132424
1522713600000,7053.4,7071.3,7106.5,7053.4,896.16574174
1522712700000,7036.1,7053.3,7062,7030,165.15855369
1522711800000,7025.5,7036.1,7039.9,7008.5,513.88130038
1522710900000,7052.8,7025.5,7068,7007.4,975.52067168
1522710000000,7030,7052.8,7059.7,7030,390.5448047
1522709100000,7009.4,7030,7039.72185108,7009.4,152.76543727
1522708200000,7015.7,7009.9,7035,7001.3,268.88919532
1522707300000,6993.9,7014.9,7065,6993.9,746.51963516
1522706400000,6976.23775532,6994,7002.8,6975.7,116.88723592
1522705500000,6985,6976.2,7010,6975.7,186.97112243
1522704600000,6990.3,6985,6999.9,6971.9,300.04528986
1522703700000,6961.5,6990.3,7021,6955,890.1286247
1522702800000,6941.3,6961.5,6962.08916809,6921,365.89968521
1522701900000,6919,6941.2,6946.2,6891.9,675.69920488
1522701000000,6928.5,6919,6930,6910.5,198.75514448
1522700100000,6982.3,6928.4,6983.9,6891.9,935.49020011
1522699200000,6989.7,6983.7,6997,6967,352.16454365
1522698300000,6976.9,6988.7,6996,6968.9,111.47976619
1522697400000,6992.4,6976.9,7002.68946189,6950,485.24331275
1522696500000,6981,6992.4,7014.7,6978.9,217.52848961
1522695600000,6970,6980.9,6993.5,6954.8,104.53554863
1522694700000,6976.7,6970,7010,6962.1,367.34504576
1522693800000,6970.4,6976.7,6987,6967.6,174.82257223
1522692000000,6984.6,6959.9,6986.4,6941.41992761,340.05384132
1522691100000,6977.3,6984.8,7013,6975,270.18952474
1522690200000,6990.0172464,6974.2,6991.5,6965,163.87195158
1522689300000,6972.9,6990.1,6990.1,6947,272.60672945
1522688400000,7017.1,6973,7017.1,6970,376.64855904
1522687500000,7000.8,7017,7017.6,6995,259.56573033
1522686600000,7039.7,7001.81806336,7041.6,6982.76466098,494.82550575
1522685700000,7012.1,7037.4,7050,7001,382.04642382
1522684800000,7027.4,7012.2,7051.6,7010.5,480.01930685
1522683900000,7035.1,7025.1,7054.2,7007.4,464.36928169
1522683000000,6942.6,7035.1,7060,6942.5,929.8393328
1522682100000,6936.2,6942.5,6948.50253414,6924,220.25831429
1522681200000,6918,6936.3,6954.3,6916.2,439.69230813
1522680300000,6918.7,6917.8,6935,6905.1,302.69244762
1522679400000,6923.2,6918.5,6932,6884.5,575.12825433
1522678500000,6960,6923.1,6965.1,6913,673.2932108
1522677600000,7010,6960,7010.1,6960,355.67032555
1522676700000,6979.9,7010,7022.8,6977.7,202.67155598
1522675800000,7027.8,6979.9,7032,6971,455.2235674
1522674900000,7009.8,7027.8,7043,7008,258.56624321
1522674000000,6996.7,7011.1,7017.9,6996.6,179.73702617
1522673100000,7008,6996.6,7022.96879764,6996.3,317.90454439
1522672200000,6990,7008.7,7021.1,6986.6,404.97590414
1522671300000,7043.80003804,6990.1,7045.8,6981,464.58670669
1522670400000,7041.8,7043.8,7049,7000.3,387.3801181
1522669500000,7058,7045,7066.2,7025.3,488.0818568
1522668600000,7107.1,7058,7107.2,7050,399.75845331
1522667700000,7100.4,7107.9,7119,7074.3,631.68732168
1522666800000,7061.8,7100.4,7113,7040,904.1652576
1522665900000,7062,7061.8,7072,7050.7,292.1529619
1522665000000,7039.1,7062,7065,7026.4,348.54134753
1522664100000,7047.4,7039.1,7047.8,7010,636.92192989
1522663200000,7072.8,7047.4,7072.9,7045,218.31094768
1522662300000,7047,7074,7074,7047,195.29156858
1522661400000,7061.4,7047,7068.9,7037,282.2272326
1522660500000,7049.80635042,7061.3,7090.00358816,7049.80635042,435.30883626
1522659600000,7064.3,7049.9,7073,7033.9,499.85479719
1522658700000,7049,7064.3,7065.9,7040,320.72186041
1522657800000,7047.6,7048.9,7050.2,7022.9,219.1727484
1522656900000,7047,7049.9,7064.9,7030.1,1020
1522656000000,7070,7047.9,7104.3,7047.9,935.23567617
1522655100000,6945.8,7070,7132,6945.8,4218
1522654200000,6953.2,6945.8,6960.3,6934.54804874,189.65791489
1522653300000,6916.9,6952.5,6963,6903.6,240.80145511
1522652400000,6889.2,6915.6,6929,6872.3,235.70747468
1522651500000,6911.3,6889.1,6911.3,6880.6,186.5723118
1522650600000,6927,6911.3,6939.2,6907,114.22777263
1522649700000,6919.1,6926.7,6958.2,6918.6,308.2914292
1522648800000,6904.9,6920.00892062,6920.00892062,6890.3,185.90096952
1522647900000,6908,6904.9,6928,6902.2,242.63779461
1522647000000,6889.2,6907.9,6921,6889,166.58200762
1522646100000,6883.7,6887.8,6893.7,6868.9,140.26778814
1522645200000,6885.9,6884.9,6893.8,6843.9,502.25310432
1522644300000,6943.60001179,6885.5,6943.74042554,6877,457.20088003
1522643400000,6967.3,6943.6,6969.9,6931,316.98904619
1522642500000,6966.6,6970,6973,6937,260.11676921
1522641600000,6984.1,6964.2,7015.1,6960,738.00383031
1522640700000,6958.8,6984,7025,6942,646.45702032
1522639800000,6955.5,6958.8,6971,6954.4,132.63085687
1522638900000,6953.8,6955.5,6958.9,6936.3,198.59043177
1522638000000,6978,6953.9,6979.8,6951.2,209.3253979
1522637100000,6968,6974.4,6980,6948.8,169.68584529
1522636200000,6957.2,6966.8,6976.7,6950,186.97502695
1522635300000,6915,6957.2,6962.1,6915,301.5930582
1522634400000,6932.7,6915,6956.37271945,6914.9,383.86718124
1522633500000,6968.5,6932.6,6974.8,6921,564.37766756
1522632600000,6977.7,6968.5,7009,6968.5,390.30721982
1522631700000,7000,6977.7,7000.1,6971,193.81520358
1522630800000,6999.8,7000,7014.8,6953.7,1457
1522629900000,6970.4,6999.2,7064,6949,2236
1522629000000,6794.7,6970.4,6999,6782.06055468,2144
1522628100000,6770.1,6797.4,6797.4,6769.4,566.30658374
1522627200000,6816.7,6770.1,6820.1,6770.1,437.5489517
1522626300000,6803.37655265,6816.6,6826,6792.3,247.07655681
1522625400000,6805.5,6803.37655265,6817.7,6768,244.35707596
1522624500000,6816.1,6806.6,6830,6801.2,157.5012714
1522623600000,6808,6816.3,6820,6770,301.85418859
1522622700000,6777.5,6808,6817,6776.8,287.24407445
1522621800000,6805,6777.6,6805,6755.8,745.51402095
1522620900000,6810.03010115,6805,6817.2,6802,201.90225537
1522620000000,6825,6810,6858,6800,312.25178351
1522619100000,6815,6825.1,6833.4,6807.4,307.34877219
1522618200000,6880,6814.9,6880,6798,792.35960096
1522616400000,6882.3,6897.7,6914.3,6862.3,276.66621613
1522615500000,6900,6882.2,6917.5,6882.2,275.18798095
1522614600000,6940.6,6900.1,6940.7,6895.5,191.61220445
1522613700000,6899.1,6941,6950,6878,432.01946822
1522612800000,6900,6900.3,6907,6843,543.65838303
1522611900000,6932.9,6900,6934.7,6883.6,558.71533609
1522611000000,6923.9,6933.3,6968.3,6915,699.99978753
1522610100000,6934.5,6924,6989,6906.2,947.46073927
1522609200000,6825.5,6934.52164916,6971,6807.9,1881
1522608300000,6766.6,6825.3,6830,6750,578.8882047
1522607400000,6768,6767.7,6786,6742,594.17838072
1522606500000,6829.3,6768.1,6829.3,6768,613.1393213
1522605600000,6829.7,6825,6857.3,6802.1,549.24719453
1522604700000,6803,6829.8,6864.4,6803,732.37181105
1522603800000,6794.4,6803,6822,6783.1,248.96268651
1522602900000,6819.7,6794.4,6849.9,6777.59670218,589.5674937
1522602000000,6801.8,6819.7,6859.8,6772.3,740.54283586
1522601100000,6804.1,6801.7,6874.7,6777.7,1008
1522600200000,6756,6804.1,6867,6755,2058
1522599300000,6795.2,6756.88669407,6799,6695,2391
1522598400000,6440.1,6795.2,6824,6425.1,4010
1522597500000,6470.1,6443.2,6500,6438,506.74766248
1522596600000,6488.9,6470.2,6500,6470,431.45531571
1522595700000,6503.6,6489,6527,6488.9,302.92911719
1522594800000,6506.08995473,6504.6,6540,6488,522.48026713
1522593900000,6529,6506,6529,6480,549.18025013
1522593000000,6469.8,6529,6538.9,6449.1,1211
1522592100000,6517.5,6469.8,6526.3,6459,1034
1522591200000,6544.1,6518,6544.2,6473,2019
1522590300000,6567.2,6544.1,6598,6543,600.1187504
1522589400000,6529.6,6567.2,6583.8,6511.1,1259
1522588500000,6660,6529.7,6668.2,6528,1757
1522587600000,6689.3,6660.1,6690,6657.6,261.03110939
1522586700000,6700.1,6689.5,6714.7,6689.3,178.93536426
1522585800000,6707.6,6700.1,6707.9,6680,230.12878271
1522584900000,6729.7,6709,6735,6694.01702659,229.11948807
1522584000000,6689.9,6729.7,6730,6683.1,497.41720651
1522583100000,6700.8,6689.9,6710,6681.2,280.803315
1522582200000,6649.3,6700.8,6705,6649.3,728.93510788
1522581300000,6701.3,6649.51516392,6705,6638,327.41636575
1522580400000,6706,6701.2,6706.1,6671,343.9460641
1522579500000,6699.9,6706.1,6725,6684.3,249.81335066
1522578600000,6669.8,6699.8,6714.3,6669.8,328.57945662
1522577700000,6713.6,6668.4,6715.6,6654,338.5634437
1522576800000,6747.8,6713.6,6750,6700,314.30350391
1522575900000,6716.6,6745.9,6761.9,6694.7,826.77902329
1522575000000,6691.8,6716.6,6722.1,6662,608.5533608
1522574100000,6660,6692.7,6700.1,6631,653.57047126
1522573200000,6708.3,6660,6709,6615.7,1224
1522572300000,6695,6708,6724.3,6694.9,309.02895939
1522571400000,6710.1,6695,6715.3,6690.8,283.18280219
1522570500000,6699.5,6710,6721.9,6689.1,276.83395707
1522569600000,6710,6699.6,6737.1,6693.5,620.98854213
1522568700000,6716.4,6710.1,6719,6666,969.0905652
1522567800000,6758.1,6716.5,6758.1,6680,1243
1522566900000,6779.5,6758.1,6792.8,6733,1495
1522566000000,6842.06892981,6779.5,6850,6765,988.39646217
1522565100000,6830,6842,6856,6825,393.65424319
1522564200000,6826.6,6830,6850,6826.5,342.34608374
1522563300000,6888.1,6827.9,6888.2,6815.1,731.57736824
1522562400000,6925,6888.1,6927,6855.6,511.14075063
1522561500000,6921.2,6925,6935.6,6921.1,218.09207148
1522560600000,6937.9,6921.1,6948.1,6906,384.18511573
1522559700000,6954.8,6939,6960.3,6934,129.14824681
1522558800000,6939,6955,6955,6932.8,116.02080878
1522557900000,6948.1,6940.31819448,6950,6920,200.73863389
1522556100000,6944.3,6952.1,6969.9,6938,171.41973025
1522555200000,6920,6944.4,6945,6917.7,172.60213447
1522554300000,6934.3,6919.9,6943,6916.9,127.43721654
1522553400000,6946.6,6934.3,6958.4,6934.2,150.19710158
1522552500000,6920.1,6945,6954,6891,456.86630762
1522550700000,6906.5,6923.4,6931,6901.1,125.65812615
1522549800000,6979.9,6906.6,6980,6883.7,481.14584932
1522548000000,6998.6,7007.3,7009.9,6971.3,212.86145403
1522547100000,7035,6998.7,7035.1,6998.3,178.60040332
1522546200000,7015,7035.1,7035.1,7009.6,335.69251849
1522543500000,6985.4,6980.8,7007,6969.8,240.39051077
1522542600000,7020,6985.4,7020,6984,193.35152002
1522541700000,6985,7020,7020,6984.9,362.85526211
1522540800000,6925.3,6985,7015,6925.3,667.98223535
1522539900000,6928.3,6925.4,6933.3,6911,106.26766928
1522539000000,6902.7,6928.3,6939.2,6901.1171077,103.59722363
1522538100000,6915.7,6902.8,6930,6883,277.05465977
1522537200000,6951.8,6916.15651835,6966,6911.3,245.61144315
1522536300000,6959.3,6951.8,6959.3,6944,146.69266311
1522535400000,6928.9,6959.2,6985.2,6927.6,358.00585889
1522534500000,6904,6928.4,6948,6904,214.48789549
1522533600000,6921.7,6904.1,6933.8,6891.9,295.36214504
1522532700000,6925,6924.5,6945.6,6894.1,189.00559529
1522531800000,6910.1,6925,6940,6897,274.83471537
1522530900000,6872.8,6913.2,6919,6872.2,378.34397313
1522530000000,6892.3,6872.8,7001.58530181,6810,1875
1522529100000,6909.5,6896,6955.4,6881,655.00475615
1522528200000,6912.4,6909.9,6936.2,6890,431.85783253
1522527300000,7030.9,6913.7,7039,6877,1459
1522526400000,7049.9,7030.9,7063.2,7025,143.88001429
1522525500000,7041.4,7049.9,7065.9,7016.8,193.40083549
1522524600000,7022.1,7040.6,7041.8,7009.1,150.41817866
1522523700000,6991,7022,7029,6990.9,291.27301784
1522522800000,7024,6990.9,7059,6970.8,730.11787458
1522521900000,7076.1,7027.1,7076.1,7014.3,342.40498303
1522521000000,7080.6,7076,7096.1,7053,333.81963551
1522520100000,7119.9,7080.6,7127.8,7077.2,230.71187124
1522519200000,7111.1,7115.8,7125,7086,506.22602758
1522518300000,7089.849384,7111,7112.8,7065,818.93242513
1522517400000,7088,7089.849384,7095,7052.6,472.75354824
1522516500000,7107.7,7088,7110,7079.6,462.70016675
1522515600000,7142.9,7107.8,7170,7096,419.04448967
1522514700000,7162.4,7143.1,7162.4,7131.1,350.43119243
1522513800000,7118.8,7163,7170,7104,607.65117834
1522512900000,7145,7118,7160,7112.28522612,388.98569025
1522512000000,7049.9,7145,7145.4,7049.9,536.1860436
1522510200000,7070.9,7046,7071,7039.9,129.49853897
1522509300000,7040.9,7070,7070,7022,385.07640368
1522508400000,7070.2,7041.5,7071.9,7018,295.9570575
1522507500000,7050,7070.2,7089,7026,346.3371814
1522506600000,7026,7049.9,7061.9,7001.2,557.2229317
1522505700000,7017,7026,7036.3,7001.4,689.32917705
1522504800000,7040.5,7017,7068.3,7005,389.31843277
1522503900000,7095,7040.5,7104.2,7030,430.3620184
1522503000000,7065.5,7094.9,7110,7060,363.99648645
1522502100000,7124.9,7065.4,7135.7,7058.9,740.45247385
1522501200000,7190,7124.9,7190.1,7124.5,972.97237289
1522500300000,7190,7190,7222,7156,2115
1522499400000,7097.6,7190.7,7198,7097.6,4426
1522498500000,7129,7097.7,7132,7097.4,391.94566186
1522497600000,7090.6,7129,7159,7053,5512
1522496700000,7122.76350403,7091,7123.2,7085,751.51701545
1522495800000,7075,7123,7146.8,7050,1151
1522494900000,7100.1,7075,7100.2,7050,955.64127455
1522494000000,7109.1,7100.1,7149,7100,907.41677953
1522493100000,7097.2,7109,7214,7090.7,3514
1522492200000,7121,7098.1,7171.9,7079,3489
1522491300000,6969,7121,7138.1,6967.1,2905
1522490400000,7007,6969,7039,6969,1824
1522489500000,6951.3,7012,7025,6943.1,1427
1522488600000,6900.2,6951.3,6985,6895.8,1094
1522487700000,6904.3,6900.3,6911,6869.2,233.34760838
1522486800000,6894.3,6904.2,6927.1,6874.8,247.68889019
1522485900000,6920.2,6894,6927.9908087,6883.61221989,323.4773139
1522485000000,6934.2,6920.1,6940.31819448,6891.5,331.99920826
1522484100000,6833,6934.1,6976,6832.9,1330
1522483200000,6814.2,6833,6837,6814,210.28398986
1522482300000,6837.9,6814.2,6842,6797.4,417.48615143
1522481400000,6807.7,6838,6840.71291737,6807.6,254.70264175
1522480500000,6830.1,6809,6830.1,6786.7,326.9668681
1522479600000,6807.6,6830.2,6839.4,6780.06217933,507.99852655
1522478700000,6903.1,6807.8,6903.2,6781,938.56447772
1522477800000,6903,6903.1,6914.5,6872.64084655,234.80132998
1522476900000,6881,6903,6925.8,6873.3,380.90932286
1522476000000,6907.2,6880,6922.3,6862,489.46554135
1522475100000,6927.9,6907.2,6927.9,6864,564.71230356
1522474200000,6968.1,6927.9,6968.2,6897.2,421.71386787
1522473300000,6999.9,6970,7007,6939,342.55929341
1522472400000,7018.3,7000,7018.4,6973,201.51978229
1522471500000,7043.5,7018.9,7047.1,7004,159.32778841
1522470600000,7034.5,7043.3,7049,7027,192.74781385
1522469700000,7016.9,7033.2,7041,6992.2,193.8981438
1522468800000,6962.2,7017.2,7019,6947.7,327.90338146
1522467900000,7022.5,6962.2,7022.5,6950,481.64221205
1522467000000,7011.1,7023.6,7039.3,7009.6,262.13810284
1522466100000,6986.1,7011.4,7019,6986.1,548.66068882
1522465200000,7039,6984.8,7039.1,6963.74022746,895.21765338
1522464300000,7031.7,7040.1,7072.1,7008.2,366.10537836
1522463400000,7016,7030.8,7052,7012,233.29874887
1522462500000,7060.3,7016,7065,6994,705.17283989
1522461600000,7071.2,7060.4,7105,7051.26466651,673.08772069
1522460700000,7031.3,7070.3,7100.9,7009.6,964.09934386
1522459800000,7052.6,7030.5,7061.2,7011.6,425.64190863
1522458900000,6974,7051.5,7069.3,6972,782.45859044
1522458000000,6991.9,6975,6991.9,6941.1,362.74820624
1522457100000,7010,6991.2,7040,6966,373.40010334
1522456200000,6973.1,7010.1,7043.2,6951.1,442.13079032
1522455300000,6975.6,6973.1,7040.8,6960,1330
1522454400000,6840.4,6975.5,6977,6838,687.72077144
1522453500000,6874.8,6840.4,6874.8,6838.0008925,173.20762851
1522452600000,6819,6874.8,6903.33603714,6818.9,558.58813266
1522451700000,6790.6,6819,6825.8,6790.6,115.46213046
1522450800000,6781.3,6790.7,6837.2,6754,324.85323523
1522449900000,6779.7,6776.2,6787.9,6751.1,264.06382449
1522449000000,6860.7,6779.7,6860.7,6740,905.94280377
1522448100000,6858,6860.6,6881.9,6857.5,168.03836256
1522447200000,6910.5,6858,6910.5,6846,322.48270567
1522446300000,6898.4,6910.5,6950,6882.9,592.25517205
1522445400000,6886.1,6898.4,6918,6866.1,413.46232198
1522444500000,6851.2,6886.2,6892.3,6851.1,323.48275682
1522443600000,6838.9,6851,6863.8,6825,389.91467348
1522442700000,6890,6837.9,6922,6830,775.52527069
1522441800000,6769.9,6889.9,6890,6765.6,604.50675756
1522440900000,6798.7,6769.8,6820.74255241,6742,400.55508766
1522440000000,6809.7,6798.7,6825.8,6741,618.34599789
1522439100000,6827.2,6809.7,6850.9,6790,503.18623491
1522438200000,6747.9,6829.9,6877.69507472,6746,1101
1522437300000,6768.2,6747.9,6769,6730,459.09625515
1522436400000,6735,6768.4,6819.8,6734.8,1259
1522435500000,6698.8,6729,6749,6695.2,665.94378981
1522434600000,6686.4,6698.8,6731,6665,457.93067588
1522433700000,6715.8,6682.4,6730.5,6648.1,923.25823893
1522432800000,6716.5,6715.7,6731.6,6677,698.29968425
1522431900000,6670.6,6716.5,6749,6635.1,1187
1522431000000,6616.9,6670.7,6701.1,6615.1,1146
1522430100000,6650,6616.9,6662.1,6592,2655
1522429200000,6668.8,6649,6720.4,6599.3,1943
1522428300000,6692.5,6670,6725,6533,4481
1522427400000,6836.9,6692.53774029,6877,6618.5,4813
1522426500000,6712,6837,6850.4,6699,1984
1522425600000,6791.7,6713.2,6792.9,6690,1362
1522424700000,6729.9,6791.52664811,6792.9,6697,1284
1522423800000,6669.8,6730,6770,6669.4,1575
1522422900000,6723.5,6669.7320766,6750,6657.77451239,2208
1522422000000,6831.9,6723.5,6831.9,6690,2122
1522421100000,6843,6834.1,6876.5,6830,333.36828806
1522420200000,6881.7,6843,6903.33603714,6835,466.60279285
1522419300000,6881.51656431,6881.27001659,6939.9,6866.2,467.11578955
1522418400000,6878.3,6886.3,6906.4,6854.5,403.40601344
1522417500000,6886.9,6878.3,6921,6851.9,537.43920615
1522416600000,6943.5,6886.8,6955,6825,1110
1522415700000,6971.1,6943.4,7005.4,6920,651.75395506
1522414800000,7029.9,6971.1,7036.8,6950,689.029825
1522413900000,6971.4,7035.9,7035.9,6950,269.42752985
1522413000000,6985.7,6971.4,7025.9,6971.4,483.83847359
1522412100000,6941.7,6989.2,7032.5,6941.6,441.19775813
1522411200000,7013.8,6941.6,7015,6919.2,506.25912723
1522410300000,6970,7013.9,7045.9,6969.9,573.3932753
1522409400000,6961.5,6970,6970,6935.10924496,315.31248172
1522408500000,6952.4,6961.5,6999,6949.1,428.76786616
1522407600000,6889.4,6952.8,6987,6888.1,784.72547265
1522406700000,7019.8,6889.4,7019.9,6875,1712
1522405800000,7063,7019.6,7080.29224091,7019,1370
1522404900000,7050,7063,7072,7043,560.04897519
1522404000000,7022.8,7050,7058,7012,448.16002138
1522403100000,7042.6,7022.8,7080.1,7022.7,402.32786916
1522402200000,7102,7040.1,7111.5,7025,713.34630678
1522401300000,7135.79975848,7102,7161.7,7100.1,334.75514797
1522400400000,7085.7,7135.8,7141.5,7080,520.77950962
1522399500000,7184.9,7085.7,7190.4,7075,821.06993296
1522398600000,7190.1,7185,7200,7130.3,740.31523155
1522397700000,7181.1,7190,7208.1,7161.4,883.90957347
1522396800000,7208.5,7181,7269,7181,1413
1522395900000,7159.8,7208.4,7249.9,7153.5,1900
1522395000000,7130,7159,7179,7092,1114
1522394100000,7079.2,7130,7156.9,7040,982.71966395
1522393200000,7041.9,7077,7080,6961.7,581.56745694
1522392300000,7090.1,7041.9,7100,6996,921.59088551
1522391400000,7126.6,7090,7160,7075,472.94092174
1522390500000,7129.9,7125.6,7188,7080,926.81988344
1522389600000,7120.6,7129.9,7181.5,7040.2,1833
1522388700000,7003.9,7120.9,7199.5,7003.8,2726
1522387800000,6917.3,7003.9,7050,6855,2435
1522386900000,6780.8,6917.4,6973.6388273,6751.29342203,1985
1522386000000,6708.9,6780.8,6806.9,6705.8,1260
1522385100000,6677,6709,6709,6652.62379897,778.43724857
1522384200000,6690.07144617,6677,6724.9,6649,1166
1522383300000,6783.2,6690.07144617,6785,6614.92978566,2558
1522382400000,6863.8,6785.4,6870,6770.1,1050
1522381500000,6865,6863.6,6877,6810.1,881.40877751
1522380600000,6850.1,6865,6918,6840,1234
1522379700000,6809.2,6850.1,6853.6,6804.1,611.77424299
1522378800000,6835,6808.9,6899,6799.3,1523
1522377900000,6764,6835,6835,6760,1061
1522377000000,6828,6764,6857.9,6750,1356
1522376100000,6853.4,6827.9,6856.7,6802,1019
1522375200000,6883.5,6853.5,6932,6831.1,1315
1522374300000,6790,6882.2,6882.2,6790,1854
1522373400000,6751.5,6790,6886.88686224,6727,1916
1522372500000,6736.1,6751.6,6795.5,6657,3455
1522371600000,6825,6736.71434849,6829.6,6720.7,2809
1522370700000,6852,6825,6960,6802,1720
1522369800000,7010.1,6851,7010.2,6800,3722
1522368900000,7056.01557855,7010.1,7116.8,6950,1936
1522368000000,7094,7053.43064184,7179.6,7050,922.64830227
1522367100000,7110.9,7094,7121,7054.8,966.59741689
1522366200000,7141.5,7111.65326397,7168.8,7102.3,449.82999031
1522365300000,7126.6,7139.3,7179.6,7102.5,947.94009575
1522364400000,7178.2,7126.7,7225,7125,783.13631491
1522363500000,7212,7178.2,7254.8,7132,1055
1522362600000,7254.9,7212,7266.5,7165,1287
1522361700000,7145.9,7254.9,7350,7081,2949
1522360800000,7084.8,7145.9,7213,7026,2634
1522359900000,7058.3,7083.9,7199.5,6883,5870
1522359000000,7160,7058.2,7167,7058,1961
1522358100000,7149.9,7158.7,7262.44123885,7127.5,2528
1522357200000,7110,7149.9,7218.1,6978.7,5940
1522356300000,7195.8,7110.1,7233.14528945,7102.5,2622
1522355400000,7293.4,7195.8,7297.2,7194,1826
1522354500000,7248.4,7291.9833727,7310,7248.4,887.76779962
1522353600000,7343.8,7248.4,7362,7248.1,1836
1522352700000,7372.5,7343.9,7386.8,7324.7,503.22791768
1522351800000,7419.8,7372.5,7431,7362.2,474.55001687
1522350900000,7440,7420.1,7474.7,7418.6,300.1820267
1522350000000,7434.9,7440,7440,7434.4,120.37487235
1522349100000,7432.9,7435,7455.2,7423,250.73898263
1522348200000,7423.6920528,7432.8008774,7432.9,7407.1,175.06046843
1522347300000,7443.4,7423.6920528,7443.4,7420,186.91501405
1522346400000,7433.5,7443.4,7463.3,7405,328.40367862
1522345500000,7479.3,7433.5,7480,7410,403.29850697
1522344600000,7494.20659432,7479.2,7510.5,7470,171.96414972
1522343700000,7470.7,7494.20659432,7512,7470.7,204.93641853
1522342800000,7493.9,7473.9,7494,7458.1,255.28989987
1522341900000,7506.8,7493.8,7509.8,7471,418.83744223
1522341000000,7507.8,7504.3,7537.6,7501,275.37825016
1522340100000,7504.5,7507.10671949,7563.9,7503.5,818.3754537
1522339200000,7472.9,7503.6,7525.5,7470.4,973.17696897
1522338300000,7419.1,7473,7477.6,7387.6,583.73653614
1522337400000,7412.2,7419.1,7423.6,7376,321.50424556
1522336500000,7404.6,7412.1,7440,7400.7,481.03168989
1522335600000,7401.9,7404.6,7430,7382.1,398.36155699
1522334700000,7365.4,7401.9,7445,7365.4,917.96315424
1522333800000,7350,7365.8,7379.4,7326.4,728.50515694
1522332900000,7394.9,7350.6,7400.7,7333,1908
1522332000000,7470.1,7394.8,7485,7371.5,1181
1522331100000,7460.8,7470,7490.6,7449.8,361.21621786
1522330200000,7513.8,7460.81744501,7516,7439.84276392,542.67306241
1522329300000,7509.1,7513.7,7535.6,7505,286.7330721
1522328400000,7500.1,7509.2,7521.8,7500,303.42953186
1522327500000,7499.9,7500,7511,7467,337.88072958
1522326600000,7514.5,7500,7514.9,7474,229.1891599
1522325700000,7521.1,7512.9,7529,7487.32747,313.34928933
1522324800000,7473.9,7521,7559.9,7473.9,726.04541718
1522323900000,7456,7474,7480.8,7443,481.99021612
1522323000000,7460,7455.9,7480,7426.7,837.21737764
1522322100000,7498.1,7460,7501.2,7460,323.71297017
1522321200000,7476.9,7498,7502,7475.3,354.40366425
1522320300000,7461,7476.8,7512,7455.1,459.82131309
1522319400000,7449.1,7461,7492.1,7445.3,627.77017457
1522318500000,7529.9,7448.6,7529.9,7419,825.20627343
1522317600000,7520,7524.3,7536.7,7510,239.17539161
1522316700000,7496.9,7520.1,7527.1,7486.3,258.23606461
1522315800000,7504.1,7496.8,7519.5,7475,423.69032353
1522314900000,7551.1,7504.1,7551.9,7485,483.51584904
1522314000000,7542.5,7550.9,7572,7537,236.02593696
1522313100000,7531.4,7544.7,7581.7,7531.4,541.37998125
1522312200000,7539.34244551,7532,7542.42088413,7514,262.40210098
1522311300000,7514.5,7539.1,7553.9,7500,435.31324553
1522310400000,7534,7514.5,7534.1,7466.6,820.62257211
1522309500000,7520.7,7534.1,7544.8,7510.7,300.15608722
1522308600000,7545.9,7520.7,7546.2,7478,1630
1522307700000,7587.9,7543,7597.9,7540.7,520.55494168
1522306800000,7614,7588.1,7617.9,7563,373.88503783
1522305900000,7595,7613.9,7626,7581.7,574.62037464
1522305000000,7597.1,7594.2,7607.9,7552,635.00345433
1522304100000,7583.2,7598.1,7605,7556.9,579.85997769
1522303200000,7548.1423116,7583.3,7590,7516,920.16250663
1522302300000,7565.6,7542,7598,7522,778.38477804
1522301400000,7621.2,7567,7651.9,7521,1542
1522300500000,7641,7621.2,7667.25730936,7614.2,521.56113495
1522299600000,7583.7,7640.3,7666,7577,1195
1522298700000,7624.2,7583.9,7655,7580,1952
1522297800000,7710.5,7624.1,7712.3,7597.9,2132
1522296900000,7726.9,7710.2,7727.5,7661,2204
1522296000000,7861.1,7727,7861.1,7725,1150
1522295100000,7855.1,7861.1,7877.1,7840,167.66690682
1522294200000,7868.1,7855.3,7888.8,7849.6,175.9175826
1522293300000,7856.2,7868.1,7872.7,7853.6,130.93248081
1522292400000,7895,7856.2,7895.1,7821,535.17942213
1522290600000,7897.70080665,7891.66262067,7900,7848.7,269.60045511
1522289700000,7888,7896.9,7899.6,7870.96026874,211.6618898
1522288800000,7883.8,7888,7898.8,7874.1,115.4109803
1522287900000,7927,7883.77601041,7927.1,7866.2,401.77342927
1522287000000,7958.6,7927.4,7958.6,7925.3,154.89617546
1522283400000,7913.9,7919.7,7928,7908.9,147.47535777
1522282500000,7942.1,7912.5,7942.1,7905,116.21395398
1522280700000,7929.1,7936,7948,7909,109.07992057
1522279800000,7966,7931.6,7969.7,7919.24146668,137.30687468
1522276200000,7975.7,7965.2,8005,7949.1,256.57213234
1522275300000,7952,7975.7,7979.9,7951.9,184.85275137
1522274400000,7869.5,7952,8004,7861.8,826.3151535
1522272600000,7900,7852.2,7900.1,7815.7,655.35475866
1522271700000,7911.4,7900,7920,7875,170.59801517
1522269000000,7925,7877.1,7933,7877,197.38721774
1522268100000,7916.3,7925,7948.5,7907.5,254.95465919
1522267200000,7897.2,7918.0801701,7921,7895,144.42765975
1522265400000,7916.1,7918,7918,7871.22367794,185.30365529
1522264500000,7914.4,7916,7921.4,7896,157.15525684
1522263600000,7939,7914,7944.4,7910,170.36851432
1522262700000,7916.1,7940,7946,7916.1,158.49517583
1522260000000,7920.9,7889.9,7922.7,7871.5,224.82916749
1522258200000,7894.2,7935.6,7941,7890.05473327,285.35092631
1522257300000,7898.5,7894.2,7918,7881.2,221.93382104
1522256400000,7877.50601617,7898.5,7900,7857.3,224.79252956
1522254600000,7901.1,7896.3,7925,7880.28327296,386.18333718
1522253700000,7872,7901.1,7901.1,7860,241.17886212
1522252800000,7859.2,7872,7892.5,7829.7,542.0339038
1522251900000,7840,7859.3,7865.9,7818,834.06154986
1522251000000,7904.2,7840,7920.1,7762,1394
1522250100000,7922.4,7904.1,7933.5,7875.49249627,459.49063429
1522249200000,7891.98145939,7920.9,7930,7891.98145939,182.98302957
1522248300000,7897.2,7891.9,7927,7890.00590198,179.79547306
1522247400000,7917.3,7897.1,7932.7,7896,300.90974995
1522246500000,7927.7,7917.2,7929.76399497,7871,723.97003166
1522245600000,8033.8,7931,8037,7878,1215
1522244700000,8035,8033.9,8049.4,8026.3,157.3744076
1522243800000,8030.1,8035,8035.5,8007,305.33043329
1522242900000,8034.8,8030,8048,8020,234.18766512
1522242000000,8021.2,8034.8,8053.4,8021.1,415.56187653
1522241100000,8019.9,8021.1,8032.3,8013,250.14763777
1522240200000,8010,8019.9,8033.4,8000.4,608.19597128
1522239300000,8051.2,8010,8059,8003.6,489.8598181
1522238400000,8043.4,8050.8,8074,8026.8,432.61766539
1522237500000,8033.2,8043.4,8061.5,8016.2,515.17779794
1522236600000,8060.2,8033.3,8062.1,8030.88946781,302.94339028
1522235700000,8096.5,8060,8120.2,8059.6,765.26612271
1522234800000,8042.4,8099.45754039,8110.8,8042,719.28112912
1522233900000,8043.3,8043.1,8061,8035,347.89935884
1522233000000,8059.9,8043.2,8070,8030.9,270.56660441
1522232100000,8066.1,8060,8079.9,8049,454.74704751
1522231200000,8086.4,8066.2,8110,8059.1,757.24443884
1522230300000,8047.8,8086.4,8108,8047.4,1083
1522229400000,8009,8047.8,8062.2,8000.1,396.16447141
1522228500000,7992,8009,8025,7971.2,790.25341562
1522227600000,7895,7992,8058.4,7894.9,2106
1522226700000,7900,7895,7910,7884,171.49761677
1522225800000,7880.3,7900,7900.8,7880.3,203.07123414
1522224900000,7879,7880.3,7899,7873.7,100.54884049
1522224000000,7869.9,7879,7887.2,7848,240.78312894
1522223100000,7891.3,7870.6,7907.1,7851.1,133.93623795
1522221300000,7939.2,7889.2,7945,7876,563.23018926
1522220400000,7895,7939.3,7939.3,7890.5,596.08109845
1522219500000,7890.2,7895,7904.9,7885,285.96702667
1522218600000,7867.3,7890.3,7899,7867.3,185.59072654
1522217700000,7874.5,7867,7880,7853.2,157.93177924
1522216800000,7844.2,7879.6,7927.2,7842.7,275.54664232
1522214100000,7851.7,7853,7865.8,7828,112.74446885
1522213200000,7833,7852.7,7856,7806.9,340.8488216
1522212300000,7845.1,7832.9,7857.5,7820,202.97870154
1522211400000,7835,7845.7,7870.5,7835,132.61035109
1522210500000,7829.5,7835,7856,7829.5,155.9514325
1522209600000,7861.1,7829.5,7863.7,7812.9,323.30696957
1522208700000,7858.7,7861.2,7866,7847.5,114.76129701
1522207800000,7839,7861,7863,7834.3,123.88516363
1522206000000,7810,7834.8,7914.2,7809.9,744.67982083
1522205100000,7796.1,7810,7810,7780,171.7307507
1522204200000,7804.5,7796,7804.6,7725,763.06985562
1522203300000,7827.1,7804.6,7835.8,7800,293.58123325
1522202400000,7813.8,7827,7833,7793.9,212.81153749
1522201500000,7793.2,7813.8,7831.2,7792.3,187.74589486
1522200600000,7791.1,7799.9,7820.4,7761.3,321.88888937
1522199700000,7794.7,7791.1,7815,7775,283.65990949
1522198800000,7780,7793.2,7838,7765.8,666.72926861
1522197900000,7783.9,7780,7804,7761.5,206.19159276
1522197000000,7752.1,7785,7816.9,7731,1133
1522196100000,7790.2,7752.1,7794,7702.1,1731
1522195200000,7784.7,7793.6,7826,7762.3,326.46701814
1522194300000,7770.1,7784.6,7815,7756,939.5613595
1522193400000,7914.5,7770.9,7914.6,7770,1377
1522192500000,7924.6,7914.5,7931.7,7870.1,438.02168619
1522191600000,7965.4,7924.7,7985.2,7899,264.17929919
1522190700000,7916.2,7965.5,8002,7913.2,395.34420862
1522189800000,7947,7916.2,7969,7907.3,231.94659691
1522188900000,7914.2,7946.9,7949,7906.1,171.43266734
1522188000000,7994.7,7917.1,7995,7895,567.28601481
1522186200000,7980.2,7993.3,7997.8,7969.2,111.68702094
1522185300000,8000,7981.1,8041,7961.4,446.13989187
1522184400000,7984.6,8000,8020,7966,329.58348313
1522183500000,7926.7,7980.1,8031.2,7926.6,1074
1522182600000,7875.8,7926.7,7932,7862,376.75567684
1522181700000,7881.4,7875.7,7903.7,7870.1,209.68861253
1522180800000,7883.1,7881.3,7930,7879.1,312.23033036
1522179900000,7863,7883,7900,7818,586.17410515
1522179000000,7881.6,7866.8,7888.91232336,7861.8,150.89805627
1522178100000,7870,7881.5,7899.3,7859.9,186.47044052
1522177200000,7881.2,7870,7901.5,7851,174.05385005
1522176300000,7856.9,7882,7885.7,7846,297.27394668
1522175400000,7904.6,7857.9,7905.8,7830,575.1019602
1522174500000,7909.2,7904.6,7936.9,7904.5,193.39750688
1522173600000,7900,7909.3,7928,7881.6,361.43431879
1522172700000,7938.5,7900,7938.5,7855.1,662.74466454
1522171800000,8038.8,7938.8,8040.6,7880,1401
1522170900000,8075,8038.8,8075.03460605,7981,823.38970344
1522170000000,8088.1,8075,8104.5,8071.1,171.70651654
1522169100000,8093.5,8088.1,8119,8079.00731848,188.88408887
1522168200000,8088.4,8093.6,8101.8,8060,319.56010968
1522167300000,8091.3,8088.4,8109.1,8065,263.30630177
1522166400000,8054.9,8091,8119.5,8044,435.24181498
1522165500000,8061.8,8054.9,8082,8038.4,237.46668465
1522164600000,8038.8,8061.7,8080.75921102,8038.8,338.08544472
1522163700000,8085,8035.6,8135.1,8021,1375
1522162800000,8051.4,8084.7,8107.4,8049.2,742.68624513
1522161900000,8066,8049.9,8083.3,8049.8,229.81808469
1522161000000,8045.8,8066,8067,8017.9,398.87753851
1522160100000,8060,8045.7,8076.3,8013.1,552.36618934
1522159200000,8090,8061.4,8113,8045,878.47992397
1522158300000,7978.6,8089.5,8120,7962.8,1223
1522157400000,7949.5,7978.5,8029.8,7933,733.645579
1522156500000,7961.1,7950,7976.2,7946.5,232.44101179
1522155600000,7935.9,7961.2,7974.6,7926.9,208.83590548
1522154700000,7948.1,7935.8789893,7958.1,7900,538.71533514
1522153800000,7930.1,7948.2,7992,7930,484.24550662
1522152900000,7920,7930,7942.4,7895,299.7144527
1522152000000,7921.9,7920,7932,7866,328.59955478
1522151100000,7908.9,7923.6,7944.7,7891,251.85716172
1522150200000,7934,7911,7935.1,7850,608.02967925
1522149300000,7935.7,7932.7,7946.6,7922.93292545,115.65889262
1522148400000,7987.3,7935.7,7998.38589521,7910,576.17884929
1522147500000,7945.6,7987.2,8064.6,7939,915.94142339
1522145700000,7950,7950,7978.1,7925.1,306.91906255
1522144800000,7903.5,7950,7955,7903.5,175.34289464
1522143900000,7874,7903.5,7928.1,7872,205.94801392
1522143000000,7946.2,7873.9,7946.29564733,7872.4,344.68437988
1522142100000,7950.7,7947,7979,7914.2,313.95566577
1522141200000,7933.8,7952,7961.7,7899.3,354.17706742
1522140300000,7943.4,7930.1,8018.6,7914.6,480.22203648
1522139400000,7956,7947.5,7965.1,7930,253.96848636
1522138500000,7876.1,7957.6,8023.8,7868.6,731.16385676
1522137600000,7916.2,7876.1,7930,7811.1,641.72343409
