[[1521579600000,8918,8913.1,8921.1,8869,892.75049887]
[1521578700000,8890.7,8915,8966,8890.6,624.53343226]
[1521577800000,8961.1,8890.7,8970.5,8839.3,1048.27538145]
[1521576900000,9000,8960,9027,8935.1,954.70826598]
[1521576000000,8939,9000,9040,8930,1785.84833734]
[1521575100000,8937.7,8939.1,8963.7,8920,834.77887458]
[1521574200000,8843.8,8940,8955.1,8840,1430.95231892]
[1521573300000,8825.1,8843.9,8862.9,8804.6,354.66343459]
[1521572400000,8816,8825.2,8835,8800.3,177.14206766]
[1521571500000,8825,8815.9,8841.8,8802,403.46830157]
[1521570600000,8809.7,8825,8828.2,8782,332.35225562]
[1521569700000,8844.4,8810.9,8858.8,8786.5,658.29878981]
[1521568800000,8862,8844.5,8884.4,8828.9,680.67048007]
[1521567900000,8883.3,8862,8899,8823.4,997.36304043]
[1521567000000,8784.8,8883.3,8887.9,8766.7,1248.03214103]
[1521566100000,8802.8,8785,8820,8775.83707588,462.60257989]
[1521565200000,8818.8,8800,8838.9,8778,1030.81884841]
[1521564300000,8795,8818.8,8847,8738.06411102,956.9555885]
[1521563400000,8774.8,8797.4,8845.86903369,8772.7,1181.03695909]
[1521562500000,8541.5,8774.9,8838.25514153,8541.5,5042.21747281]
[1521561600000,8517,8541.1,8550,8515.3,349.45647324]
[1521560700000,8555.9,8517,8571.3,8515,356.17306079]
[1521559800000,8589.3,8555.9,8600,8521,783.63762944]
[1521558900000,8508.2,8586,8596,8501.6,1136.54489562]
[1521558000000,8511.4,8508.1,8540,8499,273.70083999]
[1521557100000,8482.1,8511.7,8540,8482.1,461.3872493]
[1521556200000,8490,8482.1,8491.20902467,8445,255.8242066]
[1521555300000,8490,8490,8506.44833175,8471.5,91.89396095]
[1521554400000,8474.9,8490.9,8530,8455,445.64323061]
[1521553500000,8519,8474.9,8519,8450,562.52997876]
[1521552600000,8508.1,8518,8535.1,8498.9,323.63115758]
[1521551700000,8538.7,8508.1,8539.6,8474.7,430.30797775]
[1521550800000,8549.9,8539.9,8568,8530,301.25283868]
[1521549900000,8525.1,8550,8615,8523.6,1239.6219358]
[1521549000000,8500,8525,8525.1,8499.94899834,291.20712068]
[1521548100000,8477.8,8500,8500,8470.2,239.15765887]
[1521547200000,8523.4,8481,8523.8,8465,300.91920664]
[1521546300000,8516.58774778,8523.6,8526.9,8491,181.40303659]
[1521545400000,8532.5,8516.6,8552,8511,594.38720985]
[1521544500000,8446.6,8534.9,8565,8446.5,664.86919519]
[1521543600000,8467.9,8446.6,8489,8446.5,115.1588091]
[1521542700000,8474,8468,8496,8439.9,256.30528422]
[1521541800000,8447,8473.9,8474,8430,183.84762671]
[1521540900000,8465.2,8447.1,8500.3,8429.1,316.96243874]
[1521540000000,8446.1,8464.97430414,8505,8442.1,374.69987678]
[1521539100000,8444.8,8446.01053038,8485.47786931,8429,299.78457708]
[1521538200000,8393.8,8448.2,8480,8390,536.27581365]
[1521537300000,8349.8,8395.5,8411,8333.8,328.57508855]
[1521536400000,8360,8349.9,8375.1,8308,455.31212423]
[1521535500000,8351.1,8360,8396.2,8351,190.35682664]
[1521534600000,8385.1,8351,8429,8351,327.98639533]
[1521533700000,8373,8385.1,8390,8344.1,296.70322932]
[1521532800000,8387,8375,8396.6,8305.1,906.5202224]
[1521531900000,8472.8,8387,8472.9,8340,784.44918653]
[1521531000000,8450.9,8472.1,8483.6,8445.1,426.13134566]
[1521530100000,8485.9,8451,8503.2,8434.2,221.30557425]
[1521529200000,8487.9,8483.6,8511.93607096,8481,125.33599257]
[1521528300000,8511.1,8486.1,8535.4,8480,144.63544108]
[1521527400000,8509.7,8511.1,8515.3,8484,224.34850227]
[1521526500000,8455,8507.2,8543.66846195,8449.4,268.07133939]
[1521525600000,8471.7,8455,8489.3,8427.2,185.22782517]
[1521524700000,8489.7,8472,8499,8456.1,121.36582046]
[1521523800000,8422.1,8489.6,8492,8422,170.15958019]
[1521522900000,8434.9,8422.2,8469,8416,265.14014937]
[1521522000000,8456.2,8438.8,8464.4,8375,636.37365782]
[1521521100000,8515,8456.2,8535,8411,1194.64270837]
[1521520200000,8571.1,8515,8571.2,8515,258.53446067]
[1521519300000,8542.3,8571.1,8573.8,8494.5,530.32761508]
[1521518400000,8588.8,8542.1,8593.03617731,8539.1,304.29087657]
[1521517500000,8606.1,8588.7,8611.7,8570.1,323.51368928]
[1521516600000,8590.3,8606.1,8612.6,8528.3,414.7888423]
[1521515700000,8574.9,8589.6,8684,8570.19385109,1324.57473351]
[1521514800000,8576.4,8574.9,8613,8546.9,884.83374034]
[1521513900000,8547.4,8576.4,8632.2,8547.4,1235.45286675]
[1521513000000,8486.4,8543,8560,8485.5,438.04888315]
[1521512100000,8511,8486.4,8560,8480.1,505.11056757]
[1521511200000,8457,8511,8514,8430.2,338.85597431]
[1521510300000,8467.1,8458.9,8478.9,8421,469.43767035]
[1521509400000,8509.9,8467.1,8515.9,8440.6,650.01296782]
[1521508500000,8500.2,8510,8520,8486,282.11166604]
[1521507600000,8503.9,8500.2,8541.4,8487.1,365.59499709]
[1521506700000,8476.5,8504.1,8511.46814186,8476.4,285.97600944]
[1521505800000,8473.5,8476.5,8523.4,8465.9,274.6077688]
[1521504900000,8488,8476.9,8515.6,8448.2,528.35508182]
[1521504000000,8600.2,8488,8600.2,8455.3,1108.18440821]
[1521503100000,8530.9,8600.2,8627,8506.3,690.06579029]
[1521502200000,8552.3,8530.5,8571.57668282,8515.1,397.33897701]
[1521501300000,8521.3,8552.3,8573.1,8492.5,497.12585513]
[1521500400000,8503.8,8520.9,8521.3,8442.4,802.94958629]
[1521499500000,8480,8503.5,8579.35253104,8460,753.60418663]
[1521498600000,8427.3,8480.1,8512.2,8406.5,898.76466823]
[1521497700000,8376.7,8427.3,8446.7,8376.6,184.11415784]
[1521496800000,8378.1,8382.1,8405,8365,190.73522138]
[1521495900000,8400.3,8378.04446057,8422,8374,179.01649377]
[1521495000000,8450.1,8401.2,8450.1,8370,518.16397004]
[1521494100000,8435,8450.1,8464,8420,320.33061911]
[1521493200000,8411,8435.1,8463.8,8402.1,310.5263946]
[1521492300000,8409,8410.9,8430,8365.3,523.95808616]
[1521491400000,8436.6,8408.3,8450,8405.8,311.44821351]
[1521490500000,8410.8,8436.6,8502.70488434,8339.5,1701.41534258]
[1521489600000,8388,8411.4,8492.7,8385.1,1085.0908587]
[1521488700000,8367.6,8386.2,8391,8308.2,484.61920357]
[1521487800000,8374,8367.6,8392.4,8362.1,305.24039923]
[1521486900000,8388.3,8374,8454.8,8358,1022.68007034]
[1521486000000,8307.9,8390,8390,8298.6,551.26897502]
[1521485100000,8349.8,8308.7,8367.8,8277,541.46994221]
[1521484200000,8357,8349.8,8399.7,8335.1,493.7282198]
[1521483300000,8335,8357,8378,8335,336.53462302]
[1521482400000,8306.4,8335.8,8399.7,8286.9,1058.81313205]
[1521481500000,8309.7,8303.2,8340,8282,536.37431405]
[1521480600000,8301.6,8307.3,8355.1,8293,707.61621386]
[1521479700000,8371.4,8301.5,8374,8241.7,1556.07352806]
[1521478800000,8360.2,8371.4,8380,8290,2310.71558608]
[1521477900000,8550,8360.2,8570.8,8352.1,1545.96284516]
[1521477000000,8579,8550,8579,8514,483.64971307]
[1521476100000,8610.3,8579,8618.8,8564,360.81105673]
[1521475200000,8559,8610.3,8627.1,8559,987.01847553]
[1521474300000,8573,8559.3,8604,8538.40463568,438.65112338]
[1521473400000,8532.3,8573,8595.4,8511.5,796.56545428]
[1521472500000,8517.2,8532.2,8574.2,8513.2,364.21702239]
[1521471600000,8564.7,8517.2,8587.2,8505.1,563.36073648]
[1521470700000,8579.5,8564.8,8648.6,8555,735.20137784]
[1521469800000,8606.6,8579.3,8607.1,8528.2,1326.74751698]
[1521468900000,8646.1,8606.7,8717,8551.5,3154.59340911]
[1521468000000,8543.9,8646.2,8650,8519,1995.55864747]
[1521467100000,8498.4,8543.9,8635,8496,3153.15850638]
[1521466200000,8311,8496,8548,8283.05653401,2645.45864748]
[1521465300000,8234.8,8311,8350,8230,760.50085284]
[1521464400000,8271.3,8234.7,8271.3,8217.2,701.65308375]
[1521463500000,8289,8272.5,8290,8228.9,341.59084502]
[1521462600000,8298.8,8288.9,8307,8266,251.38580777]
[1521461700000,8272,8300,8305.2,8262.5,289.80771652]
[1521460800000,8337.8,8272,8337.8,8253.1,650.01046879]
[1521459900000,8320.1,8337.8,8375,8300.2,978.07513114]
[1521459000000,8231.9,8320,8350,8231.9,618.87629857]
[1521458100000,8252,8231.9,8260.1,8227.9,229.79945334]
[1521457200000,8214.1,8250.6,8281.2,8206.8,443.57339693]
[1521456300000,8196.6,8214.1,8236.5,8190,663.07595059]
[1521455400000,8154.5,8198,8200,8133,618.63980681]
[1521454500000,8132.9,8151.1,8179,8122.7,610.21848542]
[1521453600000,8201.7,8132.9,8205,8085.7,1145.16859791]
[1521452700000,8218.5,8201.7,8220,8180,347.14310098]
[1521451800000,8230,8218.9,8240,8190,411.48987977]
[1521450900000,8183.8,8230,8271,8181.2,617.1719755]
[1521450000000,8309.2,8180,8327.9,8155,1609.38635001]
[1521449100000,8391.65731764,8309.1,8393,8301.2,749.09923402]
[1521448200000,8322.3,8388.9,8407.9,8301.7,739.75216136]
[1521447300000,8306.5,8320,8323.6,8292,145.5854754]
[1521446400000,8291.2,8306.6,8343.4,8277.7,302.66218871]
[1521445500000,8295.1,8293,8305.97231015,8269.8,157.94057194]
[1521444600000,8280,8295,8315.2,8266.1,417.05310789]
[1521443700000,8303,8280,8319,8280,212.74193557]
[1521442800000,8272,8303,8314.6,8250,268.04899452]
[1521441900000,8300.1,8272,8311,8264,376.32109724]
[1521441000000,8267.5,8300.1,8315.5,8257,259.83329427]
[1521440100000,8302,8264.1,8315,8250,338.63336311]
[1521439200000,8321,8302,8406,8285.8,1269.93080685]
[1521438300000,8289.2,8321.4,8343.9,8281,453.29923795]
[1521437400000,8292.3,8289,8296.3,8257,212.95643222]
[1521436500000,8253.2,8295,8356.9,8252.9,810.03684813]
[1521435600000,8179.1,8252.9,8268.8,8170,440.02651309]
[1521434700000,8189.6,8179,8213,8175.9,187.80888664]
[1521433800000,8195.2,8189.6,8221,8168,247.5474296]
[1521432900000,8220,8186.4,8224,8184.6,158.39897838]
[1521432000000,8183.9,8222.2,8246.2,8164,439.88787123]
[1521431100000,8164.1,8183.9,8191.1,8122,379.03601882]
[1521430200000,8206.4,8164.2,8206.4,8140,348.91407465]
[1521429300000,8225,8206.3,8235.9,8200,165.2488674]
[1521428400000,8175.5,8225,8230,8175.5,347.88434061]
[1521427500000,8237.5,8175.4,8261.8,8175.3,317.59025685]
[1521426600000,8203.6,8244.3,8279,8201.9,850.76327314]
[1521425700000,8201.9,8204.4,8218,8186,230.49926585]
[1521424800000,8247.1,8201.9,8249.7,8154,356.57241834]
[1521423900000,8180,8249.7,8249.7,8166,311.82907244]
[1521423000000,8126.5,8180,8215.6,8126.1,1243.20912205]
[1521422100000,8205.5,8126,8212.4,8120,1891.58678701]
[1521421200000,8295.4,8205.9,8322,8179.3,1882.92260419]
[1521420300000,8382,8295.2,8385.4,8270.95376255,1231.26533709]
[1521419400000,8351,8382.1,8413.1,8351,952.57360052]
[1521418500000,8411.2,8351,8438.9,8315.4,2057.8952627]
[1521417600000,8200.3,8414.5,8467.05998033,8200.2,3388.26118521]
[1521416700000,8181.1,8200.3,8233.7,8148.1,814.1564255]
[1521415800000,8203.7,8181,8208.1,8129.4,806.36635668]
[1521414900000,8206,8200,8262.7,8165,828.76849233]
[1521414000000,8160,8206,8244,8145.6,1084.22991884]
[1521413100000,8189.6,8160,8189.9,8108.4,1616.7143661]
[1521412200000,8054.9,8189.6,8193.5,8045,1001.0386953]
[1521411300000,8081.3,8054.9,8167.40412979,8049.7,1058.35258287]
[1521410400000,8216.81415929,8081.3,8235,8061.2,2084.36423095]
[1521409500000,7947,8216.81415929,8300,7947,3686.11515429]
[1521408600000,7910.5,7948.9,7966.1,7885.4,714.29625303]
[1521407700000,7963.2,7926.1,8080.9,7875.5,3908.42628327]
[1521406800000,7653.9,7963.1,7964.4,7644,2910.73109262]
[1521405900000,7625.58532274,7654.7,7681.6,7600,1138.1617024]
[1521405000000,7501,7625.2,7625.2,7470,2185.6028938]
[1521404100000,7532.3,7501.1,7532.3,7490.4,264.05279088]
[1521403200000,7467,7532.3,7545,7458,918.49502698]
[1521402300000,7480.8,7463.7,7500,7450,479.80334181]
[1521401400000,7453.6,7481,7523.9,7452.4,354.472093]
[1521400500000,7450,7453.9,7500,7418.08556567,736.94802912]
[1521399600000,7439.4,7450,7450,7382.4,535.17503928]
[1521398700000,7550.1,7440.1,7553,7420,671.8510705]
[1521397800000,7524.6,7549.6,7555.1,7519.6,289.78934499]
[1521396900000,7549.9,7526,7577.2,7511,529.70930382]
[1521396000000,7484.9,7549.8,7577,7466.9,1029.79959022]
[1521395100000,7502.6,7484.9,7515,7465.7,620.6638467]
[1521394200000,7432,7502.6,7502.6,7431,826.6433787]
[1521393300000,7420,7433.9,7445,7390.8,446.05238083]
[1521392400000,7377.3,7420.05313392,7438.8,7330,802.48111989]
[1521391500000,7421.1,7377.6,7439.2,7362.1,629.59371327]
[1521390600000,7368.2,7421.1,7453.2,7367.9,1358.36143287]
[1521389700000,7385.2,7368.1,7402,7355.8,620.29522417]
[1521388800000,7378.5,7385.2,7390.6,7318,1266.19390818]
[1521387900000,7407.1,7381.5,7449.8,7356,873.86890545]
[1521387000000,7404,7407,7429.76975303,7368.9,631.03781667]
[1521386100000,7434.2,7404.0637607,7472.57207517,7380.9,950.03067148]
[1521385200000,7478.7,7434.6,7489.54540982,7400,757.13838684]
[1521384300000,7411.8,7476.87690643,7523,7401,2079.40673958]
[1521383400000,7389,7411.9,7467,7240,4092.03763901]
[1521382500000,7401.9,7391,7435.9,7350.1,1453.79126664]
[1521381600000,7597.1,7401.9,7612.3,7354.8,4324.41949047]
[1521380700000,7562.6,7597.1,7616,7550,462.98994766]
[1521379800000,7529,7562.6,7630,7522,979.12945254]
[1521378900000,7670.9,7529,7670.9,7529,1308.27372528]
[1521378000000,7693.1,7671.9,7728,7628,660.66437441]
[1521377100000,7758.9,7693.1,7816.4,7671.2092886,666.89889854]
[1521376200000,7740,7758.9,7786,7727.04909968,690.07717376]
[1521375300000,7730.1,7740,7779.7,7715.2,341.06973244]
[1521374400000,7765.4,7730.7,7778.3,7714.3,594.74465566]
[1521373500000,7687.1,7767.4,7823.2,7680.5,1107.17932221]
[1521372600000,7625.5,7686,7716,7622.7,1005.9106229]
[1521371700000,7579,7627.5,7690,7579,1052.6062152]
[1521370800000,7578,7578.9,7589,7540,498.19264815]
[1521369900000,7540,7578,7590.03247073,7522,1164.69752795]
[1521369000000,7581.9,7540,7615.9,7537.1,1218.73904345]
[1521368100000,7687.7,7581.9,7707,7574,994.35212766]
[1521367200000,7683,7689.1,7726.5,7680,373.86660321]
[1521366300000,7693.1,7683,7695,7656.3,146.93317066]
[1521365400000,7696.9,7694.4,7701,7649,551.58976495]
[1521364500000,7756.6,7696.9,7756.7,7665.2,450.07173157]
[1521363600000,7740.7,7756.3,7763.4,7730,244.89589232]
[1521362700000,7772.1,7738.2,7793.7,7730.9,385.70558595]
[1521361800000,7703.8,7772,7793.6,7693,661.16215331]
[1521360900000,7716.9,7703.7,7744,7694.9,374.76443435]
[1521360000000,7665.1,7716.8,7735,7655.7,342.13249679]
[1521359100000,7681.5,7665.05952967,7700,7655.7,238.03570169]
[1521358200000,7713.88861557,7681.4,7730,7675,352.56702715]
[1521357300000,7714.4,7713.8,7715.7,7690,386.72105536]
[1521356400000,7750.4,7715.9,7752.5,7709,237.55280831]
[1521355500000,7704.5,7750,7770.6,7701.95808324,628.96222715]
[1521354600000,7706,7706,7719,7655.7,466.00793551]
[1521353700000,7683.5,7706.1,7761.2,7683.5,713.15924428]
[1521352800000,7660,7680,7699.86716521,7651.16107449,279.56958]
[1521351900000,7625.4,7659.9,7689.9,7625.4,347.03191784]
[1521351000000,7589.8,7628,7635.17170127,7587.5,346.14619157]
[1521350100000,7619.3,7589.8,7623,7570.2,233.96667373]
[1521349200000,7571,7617.4,7623,7562.2,678.47360265]
[1521348300000,7583,7571,7597,7520,1155.87196677]
[1521347400000,7689.9,7583,7695,7577.5,459.15781623]
[1521346500000,7714.5,7691,7732.2,7677.5,275.90224932]
[1521345600000,7641.1,7714.6,7716.6,7630.1,473.38687941]
[1521344700000,7701.1,7641.1,7721,7640,628.20595783]
[1521343800000,7624.9,7703,7705,7610.3,585.56964829]
[1521342900000,7645.2,7624.9,7660.9,7587,766.62237744]
[1521342000000,7637,7645.2,7724.9,7626,1225.84493815]
[1521341100000,7563.3,7637,7637,7530,1296.57999224]
[1521340200000,7622,7562.5,7629.8,7537,1967.60528161]
[1521339300000,7643.6,7622,7674,7610,507.46544498]
[1521338400000,7710,7636.5,7710,7601,2133.62133752]
[1521337500000,7748.9,7710,7760,7700,295.36777114]
[1521336600000,7762.6,7749,7774.8,7735,230.60197745]
[1521335700000,7729.26301289,7762.5,7780,7716,284.02665363]
[1521334800000,7683.8,7729.1,7769.1,7683.7,703.25061718]
[1521333900000,7750.1,7683.8,7750.6,7679,1407.70490099]
[1521333000000,7769.9,7750.9,7809,7744.9,869.85349235]
[1521332100000,7833.3,7769.9,7839.6,7760.1,725.26252842]
[1521331200000,7838.6,7837.8,7870,7799,385.64204164]
[1521330300000,7880.1,7845,7925,7832,357.71462995]
[1521329400000,7864.5,7879.1,7889.89471613,7822.6,382.86231339]
[1521328500000,7880.4,7866.2,7905.8,7799,904.27840642]
[1521327600000,7987.8,7880.5,7995,7876,474.79283707]
[1521326700000,7998.3,7986,8027,7986,266.79921032]
[1521325800000,7949.9,7998.4,8029,7946.9,713.4728917]
[1521324900000,7931,7947,7977.6,7927.1,410.01924626]
[1521324000000,7941.3,7931.8,8013,7931.7,606.25288648]
[1521323100000,7968.7,7939.2,7982.6,7922.6,349.15565319]
[1521322200000,8008.1,7969.9,8030,7963,468.43639026]
[1521321300000,7898,8008.1,8047,7895.9,2578.6377573]
[1521320400000,7820.4,7898,7899,7805.27403326,739.87952716]
[1521319500000,7788,7820.4,7824.9,7786.9,500.38202139]
[1521318600000,7792.9,7786.9,7815,7781,512.57048514]
[1521317700000,7767.5,7792.9,7846.1,7755.4,600.42790836]
[1521316800000,7823.6,7767.4,7827.6,7756,1524.31415877]
[1521315900000,7775.6,7823.5,7838.4,7728.1,847.95162384]
[1521315000000,7809.5,7775,7817,7766.3,208.08893895]
[1521314100000,7795.7,7809.5,7817.1,7778.9,308.29494849]
[1521313200000,7817,7792.6,7830,7750,955.72712959]
[1521312300000,7886.8,7814.2,7902.9,7780,1364.06205444]
[1521311400000,7935.4,7886,7960,7881.2,470.28696157]
[1521310500000,7918.4,7935.4,7955,7916,172.45935457]
[1521309600000,7913.1,7918.4,7945,7901.21027256,129.32569072]
[1521308700000,7938.8,7916,7954.1,7901.1,220.0931706]
[1521307800000,7949,7938.7,7976.9,7921.3,283.91855646]
[1521306900000,7908.1,7949.1,7973,7888,986.51259893]
[1521306000000,7886.6,7908.4,7920.1,7882.1,381.31373386]
[1521305100000,7894,7887.1,7910.8,7864,421.2082855]
[1521304200000,7918,7892.6,7935,7890,160.39272296]
[1521303300000,7892.4,7917.93761685,7940,7891.1,297.75940304]
[1521302400000,7888.1,7891.3,7910.1,7863.6,404.51685095]
[1521301500000,7915.3,7888.8,7915.4,7855.70205648,1161.15519694]
[1521300600000,7868.5,7915.4,7937.9,7868.4,426.38081672]
[1521299700000,7862.7,7868.6,7918.9,7840,1210.28860425]
[1521298800000,7968.7,7866.5,7987.9,7854,1359.89206683]
[1521297900000,7999.9,7968.7,8000.3,7952.4,456.43734904]
[1521297000000,8035,7999.97540096,8035,7989.9,289.72064841]
[1521296100000,7986.4,8035,8055.5,7974.9,522.74988892]
[1521295200000,7990,7986.4,8034.6,7962,455.07452607]
[1521294300000,7975,7989.9,7992.7,7943.4,370.06495856]
[1521293400000,8003.3,7975.2,8023.4,7928.26921185,1084.96454932]
[1521292500000,8000,8002.9,8045,7989.5,341.3542095]
[1521291600000,8035.4,7999.9,8069,7976.8,500.11256229]
[1521290700000,7998.4,8035.4,8055,7988.1,484.02809872]
[1521289800000,8068.8,7998.4,8082.9,7970.6,878.08700315]
[1521288900000,8116.8,8068.7,8127.8,8002.4,1227.76504809]
[1521288000000,8176.1,8115.8,8178.9,8058,1262.50972428]
[1521287100000,8282,8176.1,8285,8170.5,278.85082734]
[1521286200000,8274.1,8283.9,8284.8,8264.5,148.04003162]
[1521285300000,8241,8274,8284,8238,168.22441602]
[1521284400000,8226.4,8241,8255,8226.4,150.58690236]
[1521283500000,8230.6,8226.1,8245.1,8226,73.92925436]
[1521282600000,8230.7,8230.6,8257,8230.6,122.53763812]
[1521281700000,8258.8,8230.6,8261.3,8222.4,185.00743939]
[1521280800000,8276.8,8253,8277.9,8248,154.53338669]
[1521279900000,8244.3,8276.4,8291.4,8241.9,179.88154363]
[1521279000000,8286.06218636,8244.9,8286.1,8242.3,291.98585694]
[1521278100000,8294.9,8286,8305.1,8286,187.5268484]
[1521277200000,8296,8293.8,8322.1,8287,294.52828595]
[1521276300000,8182.9,8296,8367,8179.8,1773.96132733]
[1521275400000,8178,8182.5,8196.4,8171.8,97.41722952]
[1521274500000,8166.3,8174.2,8181.2,8162.4,64.47912218]
[1521273600000,8181.2,8163.5,8181.2,8135,352.83731078]
[1521272700000,8197,8181.1,8200.5,8181.1,71.63107292]
[1521271800000,8187.7,8196.7,8201,8170,142.11412793]
[1521270900000,8197.2,8187.1,8200.9,8180.3,137.77585613]
[1521270000000,8184.5,8197.2,8239,8180.4,233.53869655]
[1521269100000,8142.4,8183.8,8221,8142.4,404.01975817]
[1521268200000,8155,8142.5,8165.5,8126.8,260.58800847]
[1521267300000,8120,8155,8157.4,8119.9,344.22687287]
[1521266400000,8154,8119.9,8166.7,8112.3,521.20676309]
[1521265500000,8158.9,8154.1,8174.1,8146.2,257.0442564]
[1521264600000,8170.4,8159,8190.9,8145.5,228.61978698]
[1521263700000,8175.9,8170.4,8190.6,8163.4,106.88165735]
[1521262800000,8210,8177.8,8210.1,8161,312.94160089]
[1521261900000,8168.7,8210,8240.3,8163.6,456.62579965]
[1521261000000,8167.4,8168.9,8190,8142.2,244.79630978]
[1521260100000,8158,8167.4,8189.6,8082,820.99847609]
[1521259200000,8194.2,8157.9,8196.7,8150.1,285.72152703]
[1521258300000,8201.4,8195.3,8204.3,8185,67.61110237]
[1521257400000,8200.2,8201.8,8203.77841189,8166,173.59368341]
[1521256500000,8194,8201.2,8222.1,8187,135.60560711]
[1521255600000,8222.6,8194,8239,8190,135.13616631]
[1521254700000,8126.9,8222.7,8241.8,8090,817.69402616]
[1521253800000,8179.9,8133.7,8188.6,8122.9,261.86371024]
[1521252900000,8155,8179.5,8179.9,8150,214.51266918]
[1521252000000,8150,8154.9,8162,8132.1,290.31351975]
[1521251100000,8131.3,8150,8157.9,8111,918.86268621]
[1521250200000,8135,8131.2,8172.2,8115,1494.53015501]
[1521249300000,8280.7,8136,8280.7,8069.1,1793.66319239]
[1521248400000,8290.9,8280.7,8306.3,8267,193.14812325]
[1521247500000,8270.8,8290.5,8294.3,8261.5,166.33135136]
[1521246600000,8270,8270.7,8320,8260,684.19497232]
[1521245700000,8253.2,8270,8275,8227,492.27870914]
[1521244800000,8250,8253.7,8290.7,8226.3,693.5558743]
[1521243900000,8315.3,8250,8326.8,8250,1139.8310288]
[1521243000000,8488.6,8315.3,8498.1,8255,2067.24500928]
[1521242100000,8492.5,8488.8,8506.2,8479.9,114.69925742]
[1521241200000,8480,8492.4,8515.9,8480,161.499294]
[1521240300000,8503.1,8480,8503.1,8465.1,224.15126769]
[1521239400000,8500,8501.6,8510,8461,432.72570108]
[1521238500000,8510.4,8500,8514.2,8480.4,223.18027958]
[1521237600000,8500.9,8510.5,8545,8487,402.07568811]
[1521236700000,8512.5,8500.1,8515,8495,107.69254384]
[1521235800000,8496.6,8512.4,8516.1,8479,208.44302435]
[1521234900000,8508.9,8496.7,8516.5,8450,399.69440479]
[1521234000000,8528.3,8508.5,8540,8485.9,381.31179536]
[1521233100000,8515.7,8533,8538.74202258,8506.2,126.09295756]
[1521232200000,8539.9,8516,8539.9,8492.1,232.21367894]
[1521231300000,8554.9,8539.9,8566.9,8518.9,207.27471961]
[1521230400000,8535.9,8552.3,8564.4,8491,286.45943238]
[1521229500000,8567,8530.5,8570.3,8520.1,255.07791625]
[1521228600000,8527.1,8566.5,8598.8,8523,489.85079385]
[1521227700000,8488.1,8527.1,8567.37654894,8484.4,721.71768235]
[1521226800000,8510.4,8488,8521.7,8465,405.30219415]
[1521225900000,8507,8511.6,8520.6,8480.7,232.2128401]
[1521225000000,8531.4,8501.7,8552,8475,459.51651811]
[1521224100000,8500,8532.1,8556,8488,365.89721487]
[1521223200000,8445,8500.3,8532,8441,436.83269701]
[1521222300000,8538.9,8445,8555.9,8445,504.97052241]
[1521221400000,8531.8,8538.8,8586.3,8521.2,544.56589828]
[1521220500000,8529.6,8531.7,8547,8505,219.02173835]
[1521219600000,8539.4,8528,8540,8479.1,424.67815083]
[1521218700000,8527,8539.7,8566,8526.1,316.58818611]
[1521217800000,8549.1,8527,8550,8524.9,290.25933627]
[1521216900000,8505.3,8548,8575.7,8480,702.42830175]
[1521216000000,8551.3,8505.3,8562.8,8493,476.1876977]
[1521215100000,8599,8551.2,8601.4,8530.2,926.28475191]
[1521214200000,8500.9,8600,8604.5,8475.6,1166.72323873]
[1521213300000,8506.3,8500.9,8525,8462,428.30899765]
[1521212400000,8442.4,8505,8516.3,8441,499.50728343]
[1521211500000,8465.8,8442.3,8474,8429.5,366.56360667]
[1521210600000,8506.2,8465.9,8506.3,8450,579.76161481]
[1521209700000,8495.2,8505.4,8509.6,8468.7,492.07485694]
[1521208800000,8461.3,8495.3,8574.1,8449.9,1999.096688]
[1521207900000,8454.1,8462.4,8490,8420,1173.33969605]
[1521207000000,8518.8,8452,8545,8441.4,2162.9352355]
[1521206100000,8160.5,8517.4,8550,8155.9,4421.0478406]
[1521205200000,8188.6,8160.5,8197.6,8150,353.95855857]
[1521204300000,8156.6,8188.5,8200,8156.5,187.44341377]
[1521203400000,8180.07126825,8156.1,8204,8153.5,289.55189067]
[1521202500000,8220.3,8178.9,8238.4,8173.2,395.40359524]
[1521201600000,8197,8220.3,8244.1,8161.1,461.01377619]
[1521200700000,8165.5,8198,8218.5,8165.5,513.17507074]
[1521199800000,8133,8166.5,8169,8113.4,236.63888457]
[1521198900000,8127.7,8140,8154.1,8094,272.91670668]
[1521198000000,8100,8127.7,8132.4,8087.9,184.53770302]
[1521197100000,8112.8,8100,8122.5,8066,286.09553543]
[1521196200000,8141.1,8112.9,8143.6,8050,643.62523902]
[1521195300000,8129.9,8141,8155.7,8120,168.93595913]
[1521194400000,8204.2,8128,8204.2,8128,292.36297806]
[1521193500000,8181.3,8198.2,8223.3,8120,486.20414719]
[1521192600000,8170.8,8181.4,8184.9,8147.5,245.71859967]
[1521191700000,8099.9,8170.4,8200,8082,716.62593548]
[1521190800000,8199.1,8098.3,8199.1,8069,1007.97409042]
[1521189900000,8218.6,8200,8234.4,8188.6,169.88890528]
[1521189000000,8200.2,8218.9,8238.4,8170.3,416.96426545]
[1521188100000,8261.9,8200.3,8290,8200,348.23781744]
[1521187200000,8245.1,8260.6,8265.9,8177,519.86228976]
[1521186300000,8263.8,8245.7,8300,8240,544.66749255]
[1521185400000,8240.2,8263.7,8288.4,8235,426.47356097]
[1521184500000,8224.5,8240.3,8250,8207,318.6844721]
[1521183600000,8201.1,8224.7,8234.98402517,8196.2,335.17059265]
[1521182700000,8223.3,8200.9,8224.7,8150,488.36823442]
[1521181800000,8204,8223.3,8300,8204,612.56615114]
[1521180900000,8196.1,8204,8212.7,8189.2,148.49601485]
[1521180000000,8188.2,8196.2,8223,8182.7,156.77762644]
[1521179100000,8238.5,8188.9,8238.7,8149,967.10708372]
[1521178200000,8210.5,8236.8,8239,8209.3,339.37966326]
[1521177300000,8189.1,8213.9,8220.1,8183.8,309.89055772]
[1521176400000,8191.9,8189,8211.7,8166.4,288.92963296]
[1521175500000,8235,8191.5,8255,8180,387.65599223]
[1521174600000,8101.9,8235,8258.9,8101.9,1332.47633424]
[1521173700000,8077.8,8102,8124.9,8075.3,272.13135183]
[1521172800000,8033.9,8077.9,8101.3,8012.5,339.43349086]
[1521171900000,8046.4,8033.9,8070.8,8001.2,517.80250675]
[1521171000000,8072.4,8043.6,8097.2,8041.47213014,217.67121263]
[1521170100000,8080.5,8072.2,8104.3,8056,321.38688365]
[1521169200000,8096.7,8079.8,8146.1,8070,1309.09813584]
[1521168300000,8057,8096.5,8120,8057,775.05931478]
[1521167400000,8055.5,8056.9,8061.8,8012,581.58525584]
[1521166500000,8002.4,8053,8067.7,7990.1,519.96528041]
[1521165600000,8008.9,8002.3,8084,7965.1,1815.34179628]
[1521164700000,8031.5,8008.9,8031.5,7902,1070.79103137]
[1521163800000,8013,8031.5,8050,7998.8,918.36910771]
[1521162900000,8071.1,8011.7,8081.53996423,7986,905.18180299]
[1521162000000,8060.3,8071.1,8083.9,8010,743.61993281]
[1521161100000,8153,8060.2,8180,8024.8,1307.2242503]
[1521160200000,8303.7,8153.1,8317.4,8092,1301.33077827]
[1521159300000,8275.8,8303.7,8340,8275.8,421.19534805]
[1521158400000,8249.5,8275.9,8327.2,8248.1,438.62929871]
[1521157500000,8269.9,8250.1,8288.64989319,8238.3,208.30356158]
[1521156600000,8282.7,8270,8282.7,8211.1,406.75161256]
[1521155700000,8307,8282.6,8307,8261.1,223.73338769]
[1521154800000,8318,8308.5,8325.1,8267.1,350.7212371]
[1521153900000,8290.9,8318,8345.3,8250,502.17716289]
[1521153000000,8297,8291,8331,8284.8,365.18331796]
[1521152100000,8325,8297,8365.6,8284.3,351.1413174]
[1521151200000,8311.1,8325,8394,8311,967.75489746]
[1521150300000,8236.1,8311,8354,8236.1,862.50817788]
[1521149400000,8179.7,8236.1,8250,8177.7,373.87179749]
[1521148500000,8238,8179.7,8240.9,8143.1,1094.34596109]
[1521147600000,8240.7,8238,8254.1,8200,462.2566248]
[1521146700000,8234.9,8240.7,8296.52977425,8201.1,590.23683623]
[1521145800000,8214.7,8235,8269.6,8205.3,285.0997212]
[1521144900000,8257.7,8218.9,8279,8190,657.24781768]
[1521144000000,8212.1,8257.6,8276,8212.1,356.66899233]
[1521143100000,8284.5,8212.2,8312.9,8200,622.15859421]
[1521142200000,8196.8,8283.9,8337.8,8180,1185.96018039]
[1521141300000,8152,8196.9,8244,8150.3,794.82121899]
[1521140400000,8144.3,8152.6,8204.3,8133.8,594.65915795]
[1521139500000,8095.7,8144.3,8149.9,8095.7,447.37711354]
[1521138600000,8100.8,8095.8,8134.7,8073,643.92672858]
[1521137700000,8223.9,8100.1,8226.9,8081,511.49762807]
[1521136800000,8156.2,8227.3,8227.8,8140,521.91845778]
[1521135900000,8178.2,8155.2,8184,8119.4,554.56877792]
[1521135000000,8214.39749994,8175.9,8222.9,8160.7,447.66747626]
[1521134100000,8150,8214.9,8247.4,8145.6,715.06441914]
[1521133200000,8076.6,8150,8216.7,8066.3,1042.39888072]
[1521132300000,8022.6,8081,8145,8022.6,1536.50073342]
[1521131400000,8049.2,8020.7,8049.2,7967,1121.00931974]
[1521130500000,8080.2,8049.3,8110,8032,518.98018454]
[1521129600000,8092.9,8080.2,8143,8030,706.71917593]
[1521128700000,8047.8,8093.9,8132,8035.2,1322.34212261]
[1521127800000,8021.3,8047.7,8056.9,7934.1,1847.46172151]
[1521126900000,8023.1,8023,8060.6,7972.8,1717.1556145]
[1521126000000,8277.9,8024.2,8280.2,8000,3001.0629374]
[1521125100000,8315,8276.7,8315,8267.1,441.43883335]
[1521124200000,8328.8,8315,8332.4,8266,796.41587143]
[1521123300000,8357.5,8328.7,8357.6,8303.1,638.68727803]
[1521122400000,8385.6,8357.5,8388.7,8333,690.25742601]
[1521121500000,8222.2,8385.7,8418,8205,2427.49976443]
[1521120600000,8202,8222.2,8249,8196.2,501.31489828]
[1521119700000,8198.2,8202,8244.87780795,8178,434.96068168]
[1521118800000,8230,8198.5,8247,8171.4,518.42692216]
[1521117900000,8169.6,8232.2,8233.9,8140,452.14309569]
[1521117000000,8144.2,8169.2,8209.9,8123.3,559.11904185]
[1521116100000,8177.1,8144.2,8214,8132,591.12276496]
[1521115200000,8235.2,8177.1,8249,8150,726.16634869]
[1521114300000,8193.4,8235.4,8275,8186.1,831.94545037]
[1521113400000,8187.2,8195,8200,8150,244.19342854]
[1521112500000,8120.20776651,8187.2,8221.7,8098.1,928.81917403]
[1521111600000,8096.5,8120.20776651,8197.8,8096.5,717.64598095]
[1521110700000,8081.8,8096.5,8135.9,8076.6,472.35166105]
[1521109800000,8163.6,8083.1,8165,8050,1016.42504222]
[1521108900000,8217.1,8163.6,8220,8136,970.77334074]
[1521108000000,8174.4,8217.1,8261,8174.4,561.45388946]
[1521107100000,8182.3,8174.5,8223.3,8169.8,528.60103153]
[1521106200000,8262.4,8182.3,8279,8149.4,1324.61501386]
[1521105300000,8171.2,8263,8263,8158.2,907.37979763]
[1521104400000,8181.7,8171.1,8185,8125,1335.21553575]
[1521103500000,8115,8181.7,8250,8109,2371.18978326]
[1521102600000,7845.3,8115,8137,7831.78726036,1590.69594516]
[1521101700000,7864.8,7845.3,7889.5,7826.5,330.17723211]
[1521100800000,7882.4,7864.8,7883.2,7801,812.91330151]
[1521099900000,7899.9,7882.4,7922.5,7860.3,564.53852749]
[1521099000000,7882,7900,7944,7869.2,549.74848186]
[1521098100000,7892,7882.1,7926.9,7860.3,407.19243844]
[1521097200000,7841.7,7892.1,7939,7841.7,1335.42257875]
[1521096300000,7841.6,7841.7,7858,7779,807.39367628]
[1521095400000,7739.1,7842.6,7849.9,7714,1662.5364583]
[1521094500000,7704.9,7738.9,7775,7685.2,986.18507291]
[1521093600000,7771.1,7704.7,7773,7665.1,1942.89473504]
[1521092700000,7806.8,7771,7806.8,7736.5,1076.31557493]
[1521091800000,7800,7806.8,7831.8,7750.1,642.85425634]
[1521090900000,7800,7800.1,7852,7769,1057.66738738]
[1521090000000,7895.1,7800,7912.7,7771,1020.39153111]
[1521089100000,7877.8,7894.9,7946,7876.8,619.8625468]
[1521088200000,7850.8,7877.9,7912,7850,473.69283293]
[1521087300000,7908.2,7850.8,7920,7820,564.88269787]
[1521086400000,7887.3,7908.2,7911.8,7823,673.24234413]
[1521085500000,7945.6,7887.2,7945.6,7853,411.57081544]
[1521084600000,7944.8,7945.5,7950,7889.7,718.85721551]
[1521083700000,7880,7945.8,7970,7841.26728553,1080.95842576]
[1521082800000,7782.6,7880,7913.5,7777.7,1379.25378401]
[1521081900000,7867.7,7782.3,7890,7730.1,2369.16378094]
[1521081000000,7821.2,7867.9,7916.8,7815,886.33452776]
[1521080100000,7990.2,7821.3,7995.8,7811.1,3427.93085716]
[1521079200000,8119.8,7990.1,8121.7,7943,1301.90263747]
[1521078300000,8127.8,8119.7,8138.6,8069,587.21277035]
[1521077400000,8148.1,8127.8,8183.8,8113.1,345.33729962]
[1521076500000,8074.2,8148.1,8149,8072,586.53924363]
[1521075600000,8078.7,8074.1,8133.84456584,8042,533.05655985]
[1521074700000,8140.3,8078.6,8140.3,8040.1,436.3717854]
[1521073800000,8105.1,8140.3,8162.9,8042,1116.15440026]
[1521072900000,8240.7,8105.1,8242,8094,956.32918536]
[1521072000000,8175.6,8243.3,8257,8174.2,391.41573295]
[1521071100000,8213.4,8176,8213.5,8175,417.54003679]
[1521070200000,8273.5,8213.4,8273.6,8192.4,694.70835458]
[1521069300000,8184,8273.6,8278,8182.7,571.89724555]
[1521068400000,8166.9,8183.9,8245.7,8140,625.3269824]
[1521067500000,8194.9,8168.84194849,8195,8125,457.35025114]
[1521066600000,8185.3,8194.9,8220,8130,972.57798736]
[1521065700000,8106.9,8183.1,8325,8106.8,2921.55285828]
[1521064800000,8038,8106.9,8158,8037.9,1468.62598904]
[1521063900000,8046.7,8038,8070,7916,4478.94613581]
[1521063000000,8086.3,8046,8124.5,8035,854.5968693]
[1521062100000,8090,8084.8,8120,8030,2333.6111439]
[1521061200000,8286.2,8090,8286.7,8084,2173.70074983]
[1521060300000,8266.1,8286.2,8312,8250.9,258.0294737]
[1521059400000,8334.9,8266.2,8342.9,8259.6,334.50440393]
[1521058500000,8254.5,8331.9,8343,8247,666.54089315]
[1521057600000,8279.2,8254.1,8279.2,8183,1246.69671596]
[1521056700000,8315.9,8279.2,8333,8263.9,329.23590409]
[1521055800000,8344.9,8315.9,8354.24927846,8283.4,561.28603384]
[1521054900000,8307.1,8345,8360,8307,464.12625205]
[1521054000000,8252.1,8306.8,8341,8252.1,577.69120717]
[1521053100000,8258.6,8252.5,8300,8228.75360769,540.20895893]
[1521052200000,8251.2,8258.6,8319.9,8241.37743256,910.44423498]
[1521051300000,8304.3,8251.1,8304.3,8216.3,864.276481]
[1521050400000,8316.6,8303.4,8330.1,8178,1989.21224746]
[1521049500000,8359.1,8315,8361.42753182,8274.5,1121.93202246]
[1521048600000,8307.8,8361.42753182,8404.3,8301,1374.60394759]
[1521047700000,8316.5,8307.8,8350,8241.1,1423.75299861]
[1521046800000,8414,8317,8431.7,8210,3940.39384405]
[1521045900000,8472.2,8413.7,8473.18551082,8362.2,2826.03077776]
[1521045000000,8677.3,8472.2,8680.8,8460.1,2849.82179385]
[1521044100000,8704.1,8677.2,8717.9,8645,323.45909975]
[1521043200000,8719.6,8705,8730.1,8681,216.78885478]
[1521042300000,8700.1,8719.2,8737.8,8695.3,329.53032464]
[1521041400000,8650,8707,8722.8,8649.9,941.2001799]
[1521040500000,8701.9,8650,8722,8649,507.13736441]
[1521039600000,8732.6,8701.9,8742,8682,381.16407536]
[1521038700000,8712.1,8732.6,8750,8705.2,275.81588769]
[1521037800000,8769.6,8705.9,8777,8672.90578795,858.21614737]
[1521036900000,8686.1,8767.3,8774.5,8677.2,676.97322784]
[1521036000000,8662.3,8686.2,8728.9,8649.7,924.30933932]
[1521035100000,8633.3,8662.4,8677.2,8633,304.58526396]
[1521034200000,8628.3,8631.9,8666.8,8605.0664154,517.67934207]
[1521033300000,8660,8627.3,8671.2,8557,805.05656485]
[1521032400000,8669.7,8662.8,8690.4,8613,663.34888538]
[1521031500000,8723.2,8669.7,8725.5,8665.6,541.37433181]
[1521030600000,8692.6,8722.9,8740,8647,772.87383]
[1521029700000,8579.9,8689,8695,8556,1193.46745636]
[1521028800000,8683.8,8579.9,8683.9,8556.75207328,1581.53919292]
[1521027900000,8709.2,8683.8,8709.2,8656,602.79237647]
[1521027000000,8701.3,8706.77063993,8726.7,8676.1,565.04230247]
[1521026100000,8701.8,8701.4,8742,8667,828.49569259]
[1521025200000,8730,8704.5,8748.8,8605,1823.03954]
[1521024300000,8710,8730.1,8770,8678.8825815,821.89250515]
[1521023400000,8730,8710.1,8749,8675.17154277,975.73681071]
[1521022500000,8912.9,8730,8913,8656,3492.56992045]
[1521021600000,8899.1,8914.7,8928.4,8875,599.30789164]
[1521020700000,8925.60223549,8899.2,8930,8855.4,887.01371773]
[1521019800000,9034,8925.60223549,9034,8872,2367.72871846]
[1521018900000,9098.1,9034,9098.8,9012.9,478.09153406]
[1521018000000,9103.3,9100,9120,9076,114.86757226]
[1521017100000,9095.7,9104.5,9120.9,9064,223.20257858]
[1521016200000,9083,9095.5,9113.5,9082.9,201.57539809]
[1521015300000,9100,9083,9110.1,9075,205.88512799]
[1521014400000,9085.3,9100.1,9120.2,9070,346.14865734]
[1521013500000,9125,9085.9,9141,9042,483.79789074]
[1521012600000,9139.1,9125,9142.7,9109.9,100.99871998]
[1521011700000,9146.8,9138.9,9159,9133,104.28562384]
[1521010800000,9165.8,9147.3,9165.8,9128.6,84.02321528]
[1521009900000,9100.9,9165.8,9193.41172734,9089.5,318.34365355]
[1521009000000,9137.9,9096.3,9153,9096.3,226.44122964]
[1521008100000,9153,9137.6,9177,9131.9,112.38928308]
[1521007200000,9172,9157.2,9174,9119,273.71268062]
[1521006300000,9125.9,9171.9,9183,9125.9,193.08639423]
[1521005400000,9130.4,9125.9,9181.98756453,9110,417.57040553]
[1521004500000,9104,9130.2,9138.54163175,9104,182.6144715]
[1521003600000,9091.2,9104,9117,9086.2,206.51894271]
[1521002700000,9129,9091.2,9129.1,9068.4,232.2843357]
[1521001800000,9119.3,9129,9129.7,9083.6,242.36250721]
[1521000900000,9098.6,9119.2,9120.8,9068.1,358.60315937]
[1521000000000,9256,9098.2,9256.4,9070,1236.14433976]
[1520999100000,9313.3,9255,9320,9241,326.2757797]
[1520998200000,9265.4,9314.8,9320,9255,219.516028]
[1520997300000,9249,9263.9,9292.9,9248.9,97.29439476]
[1520996400000,9231.7,9248.9,9275,9230.1504843,195.54103822]
[1520995500000,9230,9231.4,9255.2,9208.3,206.86004636]
[1520994600000,9247.2,9232,9272.02846481,9227,190.84068503]
[1520993700000,9290.1,9247.1,9290.1,9231,272.23088435]
[1520992800000,9279.9,9290,9320,9273.7,183.5480145]
[1520991900000,9283.6,9279.9,9299.5,9250,335.01331861]
[1520991000000,9282.7,9283.6,9293.97795246,9260.2,393.1044882]
[1520990100000,9312,9280.1,9320,9273,295.98896377]
[1520989200000,9307.6,9312,9323.5,9280.2,583.14427872]
[1520988300000,9216.9,9305,9439.6,9216.9,2338.58541712]
[1520987400000,9227.7,9215.4,9230.1,9160.1,260.37226073]
[1520986500000,9222.1,9227.8,9247,9190,342.86291705]
[1520985600000,9136,9222.5,9250,9136,1242.10930243]
[1520984700000,9179,9135.2,9179.1,9110.1,433.8396265]
[1520983800000,9179.45035415,9179,9195.5,9175,153.55797451]
[1520982900000,9182.1,9176.8,9184,9148,519.81298851]
[1520982000000,9156.1,9182.1,9190,9148.7,203.33853353]
[1520981100000,9139.6,9150.3,9168.5,9110.8,157.16208137]
[1520980200000,9238.1,9139.8,9238.1,9114,514.2141879]
[1520979300000,9107.11231312,9238.1,9250,9106.98836636,995.80571028]
[1520978400000,9101.1,9110,9168,9089.8,314.03916321]
[1520977500000,9090.3,9103.8896973,9114.3,9058.6,109.09932902]
[1520976600000,9065,9090.3,9116.5,9064.9,113.52444039]
[1520975700000,9060,9064.9,9121.9,9058.1,202.44039632]
[1520974800000,9049.2,9060,9080,9035.6,164.39231602]
[1520973900000,9147.5,9049.1,9150,8988.1,648.69220091]
[1520973000000,9058.8,9146.6,9199.7,9038.7,743.35308669]
[1520972100000,9059,9059,9077.7,9030.1,208.13194732]
[1520971200000,9055,9059.1,9080,9030.1,237.46679397]
[1520970300000,9009,9053.6,9067,8985.7,572.72152742]
[1520969400000,9140.9,9009.1,9151.3,8989,1152.862067]
[1520968500000,9131.8,9140.9,9194.1,9118,409.50594469]
[1520967600000,9135,9131.9,9171.54699627,9110,261.75927473]
[1520966700000,9113,9135.1,9162.6,9092.9,297.89371334]
[1520965800000,9128.9,9113,9141.9,9083.1,172.12716875]
[1520964900000,9084.8,9129,9149,9044.1,410.86802773]
[1520964000000,9095.3,9082.2,9137,9057.6,371.52818055]
[1520963100000,9172.7,9095.4,9217,9095.3,712.17124383]
[1520962200000,9153.9,9175,9180,9130.2,299.8207438]
[1520961300000,9191.1,9146.4,9200,9130.2,853.26718799]
[1520960400000,9223.7,9192.6,9268.1,9165,632.10944073]
[1520959500000,9316.2,9223.7,9316.2,9197,1199.7943592]
[1520958600000,9022.3,9316.2,9321.6,8982.4,2654.26958005]
[1520957700000,8984.5,9022.3,9062.2,8966.8,404.16384389]
[1520956800000,9071.1,8984.6,9071.2,8951.1,534.33811443]
[1520955900000,9010.5,9071.1,9095,8995,303.88579219]
[1520955000000,8980.7,9010.4,9052,8951.3,303.98522155]
[1520954100000,9000.1,8980.7,9067.72316454,8941.810078,721.1373999]
[1520953200000,9083.3,9004,9119.4,9000,543.73037158]
[1520952300000,9159.7,9084.4,9173.8,9028,443.1291839]
[1520951400000,9055.8,9158.1,9188.9,9047,688.20063566]
[1520950500000,9020.9,9056,9144,9020.9,416.36444092]
[1520949600000,9115.4,9015.8,9117,9012,870.1895246]
[1520948700000,9123.6,9118.3,9144.2,9090.2,698.15075393]
[1520947800000,9203.6,9123.7,9250,9110,871.86296537]
[1520946900000,9109.9,9203.6,9249.9,9109,974.88280189]
[1520946000000,8946.7,9109,9158.1,8922.9,2162.48026518]
[1520945100000,8971.91501566,8946.7,8972,8822,1960.77507062]
[1520944200000,9005.6,8971.9,9005.7,8954.4,302.65755499]
[1520943300000,8959.8,9005.7,9049,8935.7,550.29163012]
[1520942400000,9045.1,8959.8,9045.1,8906,725.06441049]
[1520941500000,9000.1,9045.1,9089,8961.7,716.24425683]
[1520940600000,9029.9,9001.1,9029.9,8960.8,560.76914861]
[1520939700000,8929,9029.9,9055,8891,1078.75389972]
[1520938800000,8877,8929,8983,8875.9,784.90939597]
[1520937900000,8958.2,8876.6,9022,8875,1425.25376852]
[1520937000000,9188.7,8960.8,9195.8,8951,1257.6436677]
[1520936100000,9157.8,9190.94345951,9213.8,9118.3,337.18087744]
[1520935200000,9260.2,9157.89759234,9317,9101.3,670.7786881]
[1520934300000,9307.3,9262.5,9329,9211.90539018,638.14080497]
[1520933400000,9260.7,9310.4,9373.8,9260.1,705.43828518]
[1520932500000,9194.5,9260.7,9282,9194.5,568.20706782]
[1520931600000,9161.1,9194.5,9205,9151,196.72345137]
[1520930700000,9215.1,9161.8,9219.5,9151,267.84428481]
[1520929800000,9124,9217,9220,9113.9,477.60049646]
[1520928900000,9153.2,9123.1,9170.1,9044.1,974.54693538]
[1520928000000,9202,9154.3,9206,9142,1074.19959742]
[1520927100000,9151.2,9202.6,9221.9,9125.21170003,569.41478156]
[1520926200000,9230.2,9152.7,9230.3,9095,732.20985329]
[1520925300000,9270.4,9230.1,9270.5,9157.3,1662.38266338]
[1520924400000,9350.1,9270.3,9398.8,9255,882.8415787]
[1520923500000,9392,9351,9392,9332,271.09502993]
[1520922600000,9366.1,9392,9417.1,9350,298.71107698]
[1520921700000,9386.3,9359.8,9426.3,9350.1,508.82332742]
[1520920800000,9383.3,9386.3,9482.4,9375.2,1083.77982995]
[1520919900000,9374.7,9383.3,9406.5,9360,272.1324601]
[1520919000000,9351.4,9374.6,9375,9314.4,362.81527068]
[1520918100000,9378.5,9346.5,9389.7,9342.7,317.7414047]
[1520917200000,9377.1,9378.4,9419,9331.7,368.64371239]
[1520916300000,9404.1,9380.2,9449.62310303,9348.8,573.52185703]
[1520915400000,9322.6,9404.1,9469,9300.7,943.72381622]
[1520914500000,9305.9,9322.5,9368,9285,1199.62993256]
[1520913600000,9047.7,9309.2,9333,9014.8,1746.90274423]
[1520912700000,9042,9047.1,9058.22367974,8997.8,124.35157097]
[1520911800000,8990.8,9044.8,9061.1,8980.9,492.27835508]
[1520910900000,9060,8995,9060.1,8950,1303.82583957]
[1520910000000,9122.65197734,9060,9128.6,9060,501.50527559]
[1520909100000,9142.1,9122.7,9147.9,9090,322.56910076]
[1520908200000,9165.7,9141.4,9184.6,9110,169.41001758]
[1520907300000,9110.2,9165.7,9179.9,9100,467.21800377]
[1520906400000,9095,9110.2,9154.8,9090,466.48236984]
[1520905500000,9145.1,9095,9159.5,9095,884.54524088]
[1520904600000,9186,9145,9232.2,9145,416.55756183]
[1520903700000,9190,9186,9210.8,9175,281.35323358]
[1520902800000,9224.2,9190,9231.8,9170,505.2659511]
[1520901900000,9214.3,9229.7,9250,9196.6,317.17014513]
[1520901000000,9140.1,9215.2,9255,9130,1024.94265595]
[1520900100000,9137,9140.1,9171.8,9137,661.82923335]
[1520899200000,9130.2,9137,9137,9040,873.07507397]
[1520898300000,9130,9130.2,9173.1,9090,734.75853609]
[1520897400000,9183.7,9130.1,9203.86619156,9130,371.41468268]
[1520896500000,9149.9,9184.5,9234.5,9120,675.48203667]
[1520895600000,9061.9,9149.9,9150,9058.6,530.69357446]
[1520894700000,9107.7,9060.9,9125.1,9041,1004.7809413]
[1520893800000,9127.5,9107.7,9128,9018.5,916.53194333]
[1520892900000,9126.1,9126,9142.3,9080,514.92616521]
[1520892000000,9099,9126.2,9170,9099,728.21126194]
[1520891100000,9000.7,9099,9130.4,9000.7,1102.49526615]
[1520890200000,8997.3,9000.7,9033,8980.5,312.20663637]
[1520889300000,9016.1,8997.3,9017.49314678,8940.1,677.98817442]
[1520888400000,8999.9,9018.2,9034.3,8980,371.21505122]
[1520887500000,9009,9000,9049,8970,528.52602543]
[1520886600000,8901.9,9009,9046,8882,1217.47320249]
[1520885700000,8862.5,8901,8947.3,8860,987.06309778]
[1520884800000,8915,8862.9,8944.3,8770,2033.9454641]
[1520883900000,8885,8914.9,8952.5,8865.7,789.72112545]
[1520883000000,8938.4,8885,9001,8852.8,2484.9697442]
[1520882100000,9108,8938.3,9141.1,8910,2317.31960115]
[1520881200000,9199.1,9107.9643003,9212.8,9067.6,847.41360771]
[1520880300000,9200,9200,9233.98210078,9191.5,637.75353918]
[1520879400000,9229.4,9200,9243.8,9190,650.91279561]
[1520878500000,9182,9229,9236.2,9152.3,678.2001412]
[1520877600000,9173,9180,9201,9140.10326853,439.40628805]
[1520876700000,9200,9173,9217.2,9150,478.37923844]
[1520875800000,9062,9200,9206,9033,1307.05746828]
[1520874900000,9232.1,9062,9232.1,9061.8,1496.17271387]
[1520874000000,9175.6,9232.1,9280,9175,929.31942421]
[1520873100000,9185,9177,9228,9173.3,892.13207704]
[1520872200000,9131.4,9185,9244,9129.3,1041.16101773]
[1520871300000,9127.1,9128.9,9177.8,9074.3566922,851.30146271]
[1520870400000,9178,9127.3,9184,9000,3081.82404059]
[1520869500000,9279.2,9179,9283,9120,1746.99578705]
[1520868600000,9281.5,9279.1,9311,9251,548.37377396]
[1520867700000,9297.4,9280.8,9338,9263.08989914,853.76214644]
[1520866800000,9242.9,9298,9307.6,9227.3,515.80906567]
[1520865900000,9403.7,9236.3,9403.7,9188,2357.14599592]
[1520865000000,9406.2,9402.5,9465.8,9306.2,2344.54439608]
[1520864100000,9715.5,9403,9728.4,9402,2859.84014974]
[1520863200000,9775.5,9715.5,9775.5,9700,429.4981059]
[1520862300000,9770.4,9776,9777,9754.1,148.6741933]
[1520861400000,9760.7,9770.3,9799,9736.9,451.15301411]
[1520860500000,9719,9760.8,9763.4,9701.3,340.99918724]]