[[1523016000000,6609.8,6606.2,6609.8,6550,1117.67523871]
[1523005200000,6594.4,6609.8,6660,6500.2,5371.27469851]
[1522994400000,6760,6594.6,6760.2,6501,14734.36877559]
[1522983600000,6765,6760,6864,6734.1,3830.25370187]
[1522972800000,6770.4,6765,6845.4,6716.2,3998.49590176]
[1522962000000,6749.6,6769,6850.9,6681,3526.85909018]
[1522951200000,6692.6,6749.5,6810,6671.2,3362.21415849]
[1522940400000,6758,6692,6791.2,6657,5615.71664064]
[1522929600000,6781.8,6758.1,6912.8,6610.6,10076.60767898]
[1522918800000,6860,6781.8,6893.9,6752.3,3873.36930508]
[1522908000000,6848.9,6859.9,6938,6703.4,6082.38089082]
[1522897200000,6607,6849,6870.8,6587.6,6032.33239377]
[1522886400000,6785.9,6607,6819.91932173,6564.9,7282.5706664]
[1522875600000,6826.2,6786,6855.2,6670,4958.85009451]
[1522864800000,6839.9,6826.2,6899,6725,5640.40133471]
[1522854000000,6869.4,6840,6910,6750,7445.29379153]
[1522843200000,7066.4,6869.4,7110.2,6840,8989.28676617]
[1522832400000,7310,7067.3,7310.1,7000.2,13768.13259709]
[1522821600000,7358.7,7310,7384.44692145,7281.9,2607.72186431]
[1522810800000,7283.7,7358.8,7395,7269.3,4870.33304991]
[1522800000000,7405.6,7283.6,7422,7253.3,5438.80925974]
[1522789200000,7403.4,7405.6,7450,7347,3487.2549646]
[1522778400000,7428.3,7402.11120658,7509.7,7390,5490.81293309]
[1522767600000,7354.9,7428.3,7458,7340,5025.68218974]
[1522756800000,7307.8,7353.5,7430.9,7262.5,6736.21891629]
[1522746000000,7345.9,7308,7394,7270.3,5080.74898468]
[1522735200000,7334.4,7345.9,7427,7305,6846.98250223]
[1522724400000,7188.1,7333.9,7390,7140.2,12091.72608858]
[1522713600000,7053.4,7188.1,7198,7019.9,5099.72038682]
[1522702800000,6941.3,7053.3,7068,6921,5073.21155632]
[1522692000000,6984.6,6941.2,7014.7,6891.9,4060.92351478]
[1522681200000,6918,6984.8,7060,6916.2,4753.93296847]
[1522670400000,7041.8,6917.8,7049,6884.5,4577.82990438]
[1522659600000,7064.3,7045,7119,7010,5332.30251102]
[1522648800000,6904.9,7064.3,7132,6872.3,8175.35848557]
[1522638000000,6978,6904.9,7025,6843.9,4011.05492729]
[1522627200000,6816.7,6974.4,7064,6769.4,9033.97369094]
[1522616400000,6882.3,6816.6,6914.3,6755.8,3971.30372754]
[1522605600000,6829.7,6882.2,6989,6742,7865.40066387]
[1522594800000,6506.08995473,6829.8,6874.7,6425.1,13544.32670601]
[1522584000000,6689.9,6506,6735,6449.1,9827.62048654]
[1522573200000,6708.3,6689.9,6761.9,6615.7,6226.22765157]
[1522562400000,6925,6708,6927,6666,8165.15465949]
[1522551600000,6923.9,6925,6969.9,6891,2291.29014406]
[1522540800000,6925.3,6923.4,7035.1,6883.7,3034.32302227]
[1522530000000,6892.3,6925.4,7001.58530181,6810,4465.2567408]
[1522519200000,7111.1,6896,7127.8,6877,5468.8610258]
[1522508400000,7070.2,7111,7170,7018,4963.58268238]
[1522497600000,7090.6,7070.2,7222,7001.2,16937.33003804]
[1522486800000,6894.3,7091,7214,6869.2,18503.20256698]
[1522476000000,6907.2,6894,6976,6780.06217933,5747.05483715]
[1522465200000,7039,6907.2,7049,6864,4592.04103174]
[1522454400000,6840.4,7040.1,7105,6838,7346.72270612]
[1522443600000,6838.9,6840.4,6950,6740,4551.75374768]
[1522432800000,6716.5,6837.9,6922,6648.1,8468.31334749]
[1522422000000,6831.9,6716.5,6877,6533,26767.59464097]
[1522411200000,7013.8,6834.1,7036.8,6825,6360.01907333]
[1522400400000,7085.7,7013.9,7161.7,6875,8164.71039866]
[1522389600000,7120.6,7085.7,7269,6961.7,12591.80437253]
[1522378800000,6835,7120.9,7199.5,6614.92978566,18213.72116938]
[1522368000000,7094,6835,7179.6,6657,23091.44029733]
[1522357200000,7110,7094,7350,6883,27375.17142047]
[1522346400000,7433.5,7110.1,7474.7,7102.5,9512.0827273]
[1522335600000,7401.9,7433.5,7563.9,7376,5305.89111873]
[1522324800000,7473.9,7401.9,7559.9,7326.4,7836.98506047]
[1522314000000,7542.5,7474,7572,7419,5550.76555502]
[1522303200000,7548.1423116,7544.7,7626,7466.6,7594.55579605]
[1522292400000,7895,7542,7895.1,7521,12487.62463551]
[1522281600000,7936.1,7895,7973,7848.7,1754.25605142]
[1522270800000,7892.6,7936,8005,7815.7,2719.6466385]
[1522260000000,7920.9,7892.6,7948.5,7871.22367794,1810.50346765]
[1522249200000,7891.98145939,7919.1,7941,7762,4954.7685079]
[1522238400000,8043.4,7891.9,8074,7871,5313.23413906]
[1522227600000,7895,8043.4,8120.2,7894.9,8509.7850448]
[1522216800000,7844.2,7895,7945,7842.7,3009.22713258]
[1522206000000,7810,7844.3,7914.2,7806.9,2461.03113597]
[1522195200000,7784.7,7810,7838,7702.1,6298.49976553]
[1522184400000,7984.6,7784.6,8041,7756,5353.74561583]
[1522173600000,7900,7980.1,8031.2,7818,4497.60251114]
[1522162800000,8051.4,7900,8135.1,7855.1,6959.92056383]
[1522152000000,7921.9,8049.9,8120,7866,6109.53822866]
[1522141200000,7933.8,7923.6,8064.6,7850,4245.36543351]
[1522130400000,7923.8,7930.1,8031.2,7811.1,6398.54739945]
[1522119600000,7840,7924,7938,7716.6,8826.70640431]
[1522108800000,8134,7840.0898629,8210,7800,8007.82921955]
[1522098000000,7883.1,8131.12312438,8277.8,7835.9,9850.30764434]
[1522087200000,7920.8,7881,7959,7842.1,5384.95614075]
[1522076400000,8080.2,7920.9,8115.7,7868,9687.2632649]
[1522065600000,8095.9,8080.2,8162.4,8015.3,8367.89347874]
[1522054800000,8385.1,8095.9,8385.1,8030,14388.73354495]
[1522044000000,8453.66744717,8384,8459.2,8376,2424.5847398]
[1522033200000,8423.8,8455,8478,8416.2,1998.13755082]
[1522022400000,8445.1,8423.8,8499.1,8311,4290.70482973]
[1522011600000,8590.9,8445,8657.9,8373.9,6073.6989024]
[1522000800000,8537.5,8591,8674.4,8525,3455.99080327]
[1521990000000,8550,8536.3,8570,8459,3046.36584251]
[1521979200000,8424.9,8549.3,8645,8388,3656.77760244]
[1521968400000,8525.8,8424.9,8545,8371,3906.68170955]
[1521957600000,8525,8525.9,8590,8364.8,3996.58587621]
[1521946800000,8482.9,8524.4,8584,8425,2826.79219139]
[1521936000000,8521.6,8482.8,8596.9,8460.9,3682.1398993]
[1521925200000,8921.9,8522.6,8922,8460,11719.58426754]
[1521914400000,8861.98457431,8924.8,8977,8855.3,2408.33125319]
[1521903600000,8980.3,8862,8988,8853,3633.42729528]
[1521892800000,8726,8980.2,9050.3,8656.1,6342.82729137]
[1521882000000,8881.2,8726.1,8918,8683.6,6196.37418328]
[1521871200000,8848.5,8880,8950,8848.4,2713.06721748]
[1521860400000,8887,8848.6,8971,8831,2570.40572912]
[1521849600000,8917.2,8894.3,9000,8813.5,8609.72330867]
[1521838800000,8611,8914.4,8917.6,8610.9,5446.24446589]
[1521828000000,8628.8,8611.6,8730,8556,4623.10042972]
[1521817200000,8568.2,8628.8,8696.7,8566.9,6415.81824137]
[1521806400000,8511.8,8567.7,8619,8271.1,7866.27484272]
[1521795600000,8468.8,8511,8534.9,8421.2,3041.97357243]
[1521784800000,8402.7,8468.8,8509,8338,5659.9204146]
[1521774000000,8425.4,8404,8469,8333.4,3940.97058582]
[1521763200000,8697.5,8425.3,8721,8353,7947.00367257]
[1521752400000,8596.1,8699.3,8771.9946496,8521,4650.45033852]
[1521741600000,8666,8597.2,8684,8555,4770.10235924]
[1521730800000,8482,8667.6,8684,8450,8317.41155767]
[1521720000000,8642.2,8482,8743,8480,8233.3753802]
[1521709200000,8986.7,8642.9,9011,8588,17786.69359108]
[1521698400000,8997.6,8986.7,9042,8910,3066.81310288]
[1521687600000,9044.6,8996.9,9095.92211691,8963.1,2646.24294587]
[1521676800000,8888.3,9044.6,9091,8875,4917.28167521]
[1521666000000,8876.8,8888.2,8950,8800,3636.59690501]
[1521655200000,8853.2,8875,8960,8784,3862.92040579]
[1521644400000,9050.3,8853.53662995,9177.5,8752,15527.5188207]
[1521633600000,9046.5,9050.3,9125,8950,4171.97201447]
[1521622800000,8968.2,9049.5,9060,8955.1,704.64492368]
[1521612000000,9034.9,8964.1,9095,8877.1,5293.84427711]
[1521601200000,8938.2,9033.6,9125,8920.6,5393.11528342]
[1521590400000,8899.8,8938.3,9000,8849.9,4297.17245727]
[1521579600000,8918,8899.7,8997,8820,4918.02607812]
[1521568800000,8862,8915,9040,8782,9285.69193985]
[1521558000000,8511.4,8862,8899,8499,13818.53952924]
[1521547200000,8523.4,8511.7,8615,8445,4943.37652222]
[1521536400000,8360,8523.6,8565,8308,4307.58108069]
[1521525600000,8471.7,8360,8543.66846195,8305.1,4101.07188061]
[1521514800000,8576.4,8472,8684,8375,6428.54587396]
[1521504000000,8600.2,8576.4,8632.2,8421,6481.74886135]
[1521493200000,8411,8600.2,8627,8365,5742.73592032]
[1521482400000,8306.4,8410.9,8502.70488434,8277,8416.26706619]
[1521471600000,8564.7,8303.2,8627.1,8241.7,10651.01606907]
[1521460800000,8337.8,8564.8,8717,8217.2,16005.66687995]
[1521450000000,8309.2,8337.8,8375,8085.7,8292.61842697]
[1521439200000,8321,8309.1,8407.9,8250,5237.60223088]
[1521428400000,8175.5,8321.4,8356.9,8122,4191.04549872]
[1521417600000,8200.3,8175.4,8467.05998033,8120,14714.96818539]
[1521406800000,7653.9,8200.3,8300,7644,20513.55985178]
[1521396000000,7484.9,7654.7,7681.6,7382.4,9133.8602268]
[1521385200000,7478.7,7484.9,7515,7318,9782.36078505]
[1521374400000,7765.4,7476.87690643,7816.4,7240,17653.50309599]
[1521363600000,7740.7,7767.4,7823.2,7522,8809.03467023]
[1521352800000,7660,7738.2,7793.7,7651.16107449,5066.34024985]
[1521342000000,7637,7659.9,7732.2,7520,7176.18021923]
[1521331200000,7838.6,7637,7870,7530,10806.98203915]
[1521320400000,7820.4,7845,8047,7799,8252.3017495]
[1521309600000,7913.1,7820.4,7960,7728.1,7593.89127583]
[1521298800000,7968.7,7916,7987.9,7840,7313.43200704]
[1521288000000,8176.1,7968.7,8178.9,7928.26921185,7872.86856635]
[1521277200000,8296,8176.1,8322.1,8170.5,2235.63243082]
[1521266400000,8154,8296,8367,8112.3,4403.79614594]
[1521255600000,8222.6,8154.1,8240.3,8082,3225.57597337]
[1521244800000,8250,8222.7,8320,8069.1,8020.94898931]
[1521234000000,8528.3,8250,8545,8250,5862.5492943]
[1521223200000,8445,8533,8598.8,8441,4218.44864518]
[1521212400000,8442.4,8445,8604.5,8441,6499.52410342]
[1521201600000,8197,8442.3,8574.1,8150,12882.19077301]
[1521190800000,8199.1,8198,8223.3,8050,5054.81084941]
[1521180000000,8188.2,8200,8300,8150,4486.15742305]
[1521169200000,8096.7,8188.9,8258.9,8001.2,6602.96284569]
[1521158400000,8249.5,8096.5,8340,7902,10798.29319752]
[1521147600000,8240.7,8250.1,8394,8143.1,6168.7490559]
[1521136800000,8156.2,8240.7,8337.8,8073,7211.57244695]
[1521126000000,8277.9,8155.2,8280.2,7934.1,14530.93136369]
[1521115200000,8235.2,8276.7,8418,8123.3,8777.55292656]
[1521104400000,8181.7,8235.4,8279,8050,9839.41934613]
[1521093600000,7771.1,8181.7,8250,7665.1,13360.88823111]
[1521082800000,7782.6,7771,7970,7736.5,9719.54941221]
[1521072000000,8175.6,7782.3,8257,7730.1,12937.74878075]
[1521061200000,8286.2,8176,8325,7916,17970.43460398]
[1521050400000,8316.6,8286.2,8360,8178,8742.25280626]
[1521039600000,8732.6,8315,8742,8210,16235.81528316]
[1521028800000,8683.8,8732.6,8777,8556,9115.23946957]
[1521018000000,9103.3,8683.8,9120,8605,13556.57858199]
[1521007200000,9172,9104.5,9193.41172734,9042,2680.80405873]
[1520996400000,9231.7,9171.9,9320,9068.1,3907.81179669]
[1520985600000,9136,9231.4,9439.6,9136,6644.66057687]
[1520974800000,9049.2,9135.2,9250,9035.6,3881.22674756]
[1520964000000,9095.3,9049.1,9199.7,8985.7,5486.9099331]
[1520953200000,9083.3,9095.4,9321.6,8941.810078,9162.67329914]
[1520942400000,9045.1,9084.4,9250,8822,10664.04923767]
[1520931600000,9161.1,9045.1,9373.8,8875,8940.04331223]
[1520920800000,9383.3,9161.8,9482.4,9044.1,8803.44945528]
[1520910000000,9122.65197734,9383.3,9469,8950,8207.07223912]
[1520899200000,9130.2,9122.7,9255,9040,6390.41858774]
[1520888400000,8999.9,9130.2,9234.5,8940.1,7940.70426984]
[1520877600000,9173,9000,9243.8,8770,13612.70463235]
[1520866800000,9242.9,9173,9338,9000,13742.28821599]
[1520856000000,9826.1,9236.3,9829.5,9188,10415.63598483]
[1520845200000,9522,9832,9900,9501,8826.23067772]
[1520834400000,9563,9522,9697.6,9498,3268.04172968]
[1520823600000,9571.2,9563,9618,9357,5114.74117367]
[1520812800000,9525.9,9574.7,9696.6,9467,4664.28770649]
[1520802000000,9597,9527.7,9716.25816923,9432.2,8490.23276943]
[1520791200000,9630.5,9599,9729,9435.9,9993.37559853]
[1520780400000,9201.70260117,9630.5,9680,9062.6,12615.63296595]
[1520769600000,9037,9201.7,9375,9019.1,12113.44521543]
[1520758800000,8785.9,9020,9089,8506.7,8212.31802089]
[1520748000000,8814,8785.9,8830.9,8625,4253.65294714]
[1520737200000,8700,8814.1,8818.2,8475.9,5744.70843815]
[1520726400000,8772.5,8700,8774.5,8428,9055.66771315]
[1520715600000,8842.1,8769.9,8875,8670.9,7127.44353762]
[1520704800000,9135,8842,9135.1,8811,8688.93798821]
[1520694000000,9435.4,9135,9500,9087.2,5362.78284079]
[1520683200000,9349.9,9435.4,9500,9206.2,5384.00451106]
[1520672400000,9332.5,9349.9,9375,9173,4094.65662627]
[1520661600000,9341.7,9324.3,9506.4,9303.2,6789.81315858]
[1520650800000,9289.9,9342,9360.2,8950,6685.99880372]
[1520640000000,9216.1,9289.9,9423.9,9202.2,8398.46541889]
[1520629200000,8973,9216.2,9355,8933,10907.48431063]
[1520618400000,8749,8973,9000.5,8605.1,7343.22270856]
[1520607600000,9134.9,8745.6,9138.6,8650,10411.03462701]
[1520596800000,8942.3,9134.8,9143.9,8821,8555.87970239]
[1520586000000,8668.3,8942.1,8970,8379,13888.13902785]
[1520575200000,8483.8,8662,8865,8342,17403.04628822]
[1520564400000,9011.1,8481,9037,8426.2,15499.09785328]
[1520553600000,9300,9011.1,9428,8882,14201.24284405]
[1520542800000,9380,9300,9471,9240,6447.72666842]
[1520532000000,9295.4,9380,9443.7,9210,9055.23737951]
[1520521200000,9745.4,9296.8,9945,9025,22461.39150868]
[1520510400000,9925.3,9745.4,9982.6,9670,6349.64466072]
[1520499600000,9907.1,9925.7,10112,9903.6,5054.89322182]
[1520488800000,9791.3,9908.1,10000,9679.8,5046.03052344]
[1520478000000,9600.8,9791.4,9821.5,9489.4,5781.82682643]
[1520467200000,9910.5,9600.8,10023,9555,7541.14104417]
[1520456400000,9761,9910.6,10097,9759.9,9107.02050897]
[1520445600000,9725,9763,9922.2,9610,12500.36932108]
[1520434800000,10661,9725,10719,9400,32379.05417133]
[1520424000000,10639,10662,10674,10513,3193.47956148]
[1520413200000,10539,10639,10639,10400,4652.47868993]
[1520402400000,10652,10539,10652,10411,6090.34094577]
[1520391600000,10781,10652,10818,10632,3527.64389994]
[1520380800000,10719,10782,10899,10713,3778.7427222]
[1520370000000,10650,10720,10812,10583,4386.9948668]
[1520359200000,10776,10651,10881,10567,8187.90663663]
[1520348400000,10993,10776,11039,10752,5659.03729036]
[1520337600000,10943,10993,11016,10821,5727.29791435]
[1520326800000,11258,10943,11311,10870,8697.55483652]
[1520316000000,11301,11258,11339,11223,2276.57928976]
[1520305200000,11262,11301,11328,11180,2692.75205518]
[1520294400000,11402,11262,11411,11176,6576.22620771]
[1520283600000,11604,11402,11615,11356,3401.05590441]
[1520272800000,11487,11604,11700,11480,6655.35625557]
[1520262000000,11477,11487,11548,11461,2050.84924435]
[1520251200000,11506,11477,11580,11432,3362.25713766]
[1520240400000,11439,11506,11538,11400,1875.10485547]
[1520229600000,11529,11438,11603,11424,3153.28390023]
[1520218800000,11535,11530,11623,11473,3781.56948191]
[1520208000000,11500,11535,11535,11418,3393.98184553]
[1520197200000,11484,11500,11549,11375,4348.34631312]
[1520186400000,11124,11483,11500,11113,6383.95078816]
[1520175600000,11125.90029135,11125,11170,11076,1455.2365883]
[1520164800000,11144,11125.90029135,11239,11104,4810.14618515]
[1520154000000,11221,11144,11249,11050,2980.83916475]
[1520143200000,11201,11222,11228,11057,3023.58036456]
[1520132400000,11335,11202,11336,11117,3304.30569803]
[1520121600000,11454,11334,11489,11280,1769.93256]
[1520110800000,11315,11454.95955159,11497.3552016,11256,3428.67371448]
[1520100000000,11519,11316,11526,11250,3939.63507019]
[1520089200000,11444,11518,11530,11393,3681.25961791]
[1520078400000,11274,11443,11487,11273,3684.98101412]
[1520067600000,11358,11274,11375,11253,2796.66788935]
[1520056800000,11339,11358,11420,11265,4079.40256805]
[1520046000000,11332,11340,11418,11265,3320.34614702]
[1520035200000,11025,11333,11385,11025,5719.77149771]
[1520024400000,11070,11024,11153,10962,3286.88121531]
[1520013600000,10918,11070,11111,10852,3151.05231921]
[1520002800000,10784,10918,10940,10771,2316.3309471]
[1519992000000,10905,10784,11052,10762,4233.40008779]
[1519981200000,11119,10905,11132,10847,4534.72920939]
[1519970400000,10998,11120,11163,10998,3245.74132379]
[1519959600000,11054,10997,11158,10920,2933.32688881]
[1519948800000,10920,11053,11189,10914,5154.36663808]
[1519938000000,11051,10908,11084,10775,6043.81631642]
[1519927200000,10871,11051,11095,10839,7695.68660239]
[1519916400000,10785,10871,10905,10673,3558.1964069]
[1519905600000,10669,10784,10831,10625,4546.25643683]
[1519894800000,10653,10669,10761,10579,3206.78362294]
[1519884000000,10399,10660,10707,10311,3856.98248824]
[1519873200000,10323,10399,10477,10281,1767.01145442]
[1519862400000,10314,10323,10435,10210,3194.49113152]
[1519851600000,10661,10315,10697,10261,6425.05802147]
[1519840800000,10433,10660,10699,10413,4778.13945498]
[1519830000000,10519.92489607,10434,10565,10400,3176.30525977]
[1519819200000,10554,10519.92489607,10605,10380,5198.37260302]
[1519808400000,10492,10554,10646,10456,5398.24798376]
[1519797600000,10939,10491.08451392,11065,10356,10748.42837766]
[1519786800000,10676,10939,10966,10675,5292.71377302]
[1519776000000,10583,10672,10786,10560,2832.20670202]
[1519765200000,10671,10582,10822.90591097,10562,3705.75538736]
[1519754400000,10564,10670,10746,10564,2676.29781522]
[1519743600000,10676,10564,10677,10480,5958.12817737]
[1519732800000,10706,10674,10888,10631,7906.40938541]
[1519722000000,10698,10706,10788,10602,5899.22494707]
[1519711200000,10329,10699,10764,10240,7581.04508905]
[1519700400000,10170,10329,10400,10170,2718.87063444]
[1519689600000,10321,10170,10409,10125,3254.81019437]
[1519678800000,10274,10320,10439,10250,5518.69561527]
[1519668000000,10194,10274,10300,10141,3368.58280801]
[1519657200000,10225,10195,10409,10101,8104.01604194]
[1519646400000,9731,10228,10352,9650,14835.39655959]
[1519635600000,9433.2,9732,9750,9433.2,4375.38384606]
[1519624800000,9609.1,9433.3,9631,9359.9,2816.63325561]
[1519614000000,9727.5,9609,9730,9552,2583.59940779]
[1519603200000,9579,9728,9825,9518.2,4356.94409706]
[1519592400000,9558.2,9583,9679.16036081,9508.8,3557.66348837]
[1519581600000,9339.7,9558.1,9583.1,9280.4,3752.26845733]
[1519570800000,9380,9339.7,9468.9,9287.1,5057.0429275]
[1519560000000,9651,9380,9691.3,9380,4671.67853334]
[1519549200000,9605.3,9651,9740.2,9520,3530.6216744]
[1519538400000,9718.1,9600.5,9840,9592,4373.28628471]
[1519527600000,9596,9715.8,9748.7,9468,2720.06134535]
[1519516800000,9665.6,9596,9750,9545,2899.02276124]
[1519506000000,9386.2,9666.3,9699.9,9377.9,4994.05508503]
[1519495200000,9613.2,9383.9,9706.9,9350.3,7051.67026375]
[1519484400000,9735.9,9613.6,9803,9602,5098.90798694]
[1519473600000,9705.9,9734,9798,9514.4,7816.21698331]
[1519462800000,9990.2,9713.7,10139,9605,9568.40886429]
[1519452000000,10437.90216258,9994.8,10479,9505,11297.75830876]
[1519441200000,10413,10437,10500,10306,3462.65546987]
[1519430400000,10143,10417,10440,10108,6407.52109872]
[1519419600000,9950.3,10144,10219,9889.8,4763.2507982]
[1519408800000,10101,9950.4,10218,9864.6667585,5953.36055089]
[1519398000000,10306,10101,10356,10037,6526.8746259]
[1519387200000,10190,10306,10395,10100,8040.99996233]
[1519376400000,9936.4,10191,10237,9920,8843.0299425]
[1519365600000,9809.9,9935.1,9970,9692,4019.08193395]
[1519354800000,9740.7,9812.9,9999,9690,5953.65376708]
[1519344000000,9826.4,9740.7,9827,9583.1,14975.34305893]
[1519333200000,10085,9826.5,10125,9800,5948.41683785]
[1519322400000,9857.8,10084,10115,9800.1,5811.07048395]
[1519311600000,9921.1,9857.1,10135,9740,11699.51413052]
[1519300800000,10259,9923.5,10333,9750,19064.07352822]
[1519290000000,10416,10258,10546,10050,11796.12179019]
[1519279200000,10775,10416,10915,10413,6334.89094761]
[1519268400000,10728,10775,10844,10600,4402.04879781]
[1519257600000,10451,10728,10799,10300,6175.35517805]
[1519246800000,10373,10450,10549,10217,5569.72693299]
[1519236000000,10520,10374,10677.35018231,10200,8666.57276356]
[1519225200000,10634,10520,10669,10320,11808.83808016]
[1519214400000,10936.00393344,10634,11099,10444,11199.97762226]
[1519203600000,11033,10938,11188,10852.21989557,6250.70154289]
[1519192800000,10823,11031,11129,10747,6160.62369419]
[1519182000000,11060,10824,11140,10680,8680.68936782]
[1519171200000,11212,11055,11239,10850,18623.74306483]
[1519160400000,11729,11211,11788,11100,14840.98299483]
[1519149600000,11677,11729,11745,11520,4533.69891002]
[1519138800000,11510,11676,11749,11380,7163.2291732]
[1519128000000,11410,11510.93537625,11616,11399,4528.50017882]
[1519117200000,11339,11410,11466,11125,7511.0580646]
[1519106400000,11442,11340,11660,11251,6473.38491149]
[1519095600000,11386,11441,11548,11322,3480.03432465]
[1519084800000,11172,11390,11547,11156,12388.71048544]
[1519074000000,11221,11172,11230,10950,6629.5085165]
[1519063200000,10941,11221,11230,10940,6254.36887136]
[1519052400000,10943,10941,11250,10900,11869.79020793]
[1519041600000,10930,10942.1126703,11024,10845.00644162,3465.6660224]
[1519030800000,10776,10930,11050,10720,6422.66336834]
[1519020000000,10465,10775,10914,10437,7412.53502086]
[1519009200000,10582,10466,10649,10389,3005.04100855]
[1518998400000,10399,10574,10655,10308,5641.81655195]
[1518987600000,10766,10400,10778,10327,5527.56642293]
[1518976800000,10749,10763,10889,10566,6686.20375696]
[1518966000000,10740,10749,10855.42162691,10425,8203.31302023]
[1518955200000,10568,10740,10783,10384,7329.12984745]
[1518944400000,10317,10568,10597,10122,10455.3525842]
[1518933600000,10409,10317,10631,10280,8763.57097683]
[1518922800000,11049,10409,11109,10409,13106.74801081]
[1518912000000,11062,11049,11250,10965,9749.88955256]
[1518901200000,10759,11062,11084,10745,8657.82673424]
[1518890400000,10786,10758,10795,10654,3585.93291807]
[1518879600000,10650,10786,10855,10644,4187.38543978]
[1518868800000,10692,10650,10860,10522.29688454,6783.41010055]
[1518858000000,10794,10692,10820,10600,5549.5352627]
[1518847200000,10548,10796,10850,10548,11562.08774935]
[1518836400000,10392,10547,10598,10392,4555.547937]
[1518825600000,10161,10393,10500,10049,7932.80454622]
[1518814800000,10013,10162,10229,10013,3657.60929993]
[1518804000000,10053,10010,10060,9875.1,3422.45057749]
[1518793200000,10024,10053,10165,10009,4128.61311025]
[1518782400000,9803.4,10023,10105,9760.48456908,5923.93794008]
[1518771600000,9950,9803.5,10000,9670,6849.13740881]
[1518760800000,10078,9950,10094,9701,8222.96355566]
[1518750000000,10145,10078,10180,9930,4889.04407973]
[1518739200000,9996,10145,10271,9975,6774.36423298]
[1518728400000,10068,9996,10130,9850,7007.03834784]
[1518717600000,10057,10065,10176,9980,10887.89153102]
[1518706800000,9864,10058,10070,9741,12800.49558061]
[1518696000000,9592.9,9864,9875.1,9586,6483.07480562]
[1518685200000,9840,9592.9,9946,9470.3,14172.28472876]
[1518674400000,9687.1,9840,9874.14629634,9647,6343.97896009]
[1518663600000,9638.6,9687.1,9740,9575,5101.12397324]
[1518652800000,9452.8,9638.6,9670,9338,4763.55717039]
[1518642000000,9285.2,9455.5,9489,9221.9,5742.7137828]
[1518631200000,9298,9285.2,9365,9145,5247.71339674]
[1518620400000,9150,9297.8,9319.3,9149.4,6672.89742874]
[1518609600000,8934.2,9150,9300,8933.7,15675.7388845]
[1518598800000,8881.7,8934.3,8950,8738.1,4435.51871948]
[1518588000000,8850,8879.1,8918,8789,4346.89445232]
[1518577200000,8674.1,8850,8875,8634.4,4946.77420444]
[1518566400000,8512.1,8674.2,8734,8512.1,3286.85358845]
[1518555600000,8698,8511.6,8706,8458,3505.63939684]
[1518544800000,8629.9,8701.8,8737,8549,4432.67427668]
[1518534000000,8601.1,8629.6,8650,8459,4447.73782415]
[1518523200000,8507.1,8601.3,8672,8441,4232.45227104]
[1518512400000,8520,8507,8560.9,8313.52192073,6258.43099165]
[1518501600000,8598.6,8520.1,8743.7,8435,6761.31585668]
[1518490800000,8720,8599,8770,8525,5694.30311022]
[1518480000000,8902.8,8719.9,8952.9,8664.7,4178.42253171]
[1518469200000,8871.9,8902.9,9000,8740,7857.78664912]
[1518458400000,8768.3,8874.5,8928,8627.1,5510.28951676]
[1518447600000,8548.3,8769.44142551,8776.8,8548.1,4442.75986107]
[1518436800000,8654.3,8547.3,8793,8514.9,5877.07708252]
[1518426000000,8768.9,8655.1,8860,8621,7224.90812527]
[1518415200000,8386.3,8769,8850,8374,6700.29966143]
[1518404400000,8530.4,8386,8580,8357.4,4167.61281508]
[1518393600000,8070.7,8530.5,8544,8069.57681296,9605.81736036]
[1518382800000,8229.2,8069.3,8359,8000,5376.51138567]
[1518372000000,8223,8232,8433.3,8182,4164.47785514]
[1518361200000,8459,8223,8496,8171,6409.21202532]
[1518350400000,8174.1,8458.9,8459.7,8138,7747.61960091]
[1518339600000,7921.5,8174.3,8213,7851,5947.14508963]
[1518328800000,8108.8,7921.2,8108.8,7851,6256.6941673]
[1518318000000,8249.1,8108.7,8250.4,7951,9737.91073943]
[1518307200000,8563,8249.1,8570,8157,6587.00485794]
[1518296400000,8208.1,8563,8587.9,8151.3,8497.46260911]
[1518285600000,8424.5,8208.6,8458.2,8151.3,7640.82746475]
[1518274800000,8591.1,8424.2,8609.6,8223.3,12932.04077492]
[1518264000000,8634.8,8591,8795.8,8513.4,6020.16236994]
[1518253200000,8670,8629.7,8784.7,8486,9491.50616647]
[1518242400000,8863.9,8670,9074.9,8645.8,8869.20377332]
[1518231600000,8925,8863.6,9000,8765.9,5113.11434139]
[1518220800000,8679.1,8925,9021,8611,9581.44674796]
[1518210000000,8554.8,8678.1,8700,8435,5354.24675162]
[1518199200000,8624,8550,8750,8521,7372.78431215]
[1518188400000,8439,8626.8,8729,8301.1,8188.95283773]
[1518177600000,8270,8438.2,8500,8179,9315.65109553]
[1518166800000,8060.12991972,8266.9,8375,8059.5,9064.49053141]
[1518156000000,7860.64687582,8060.12991972,8100,7789.91858279,5023.29610586]
[1518145200000,8138,7859.9,8140.6,7724.9,7273.18439643]
[1518134400000,8239.8,8140.6,8239.8,7825.1,11445.59729694]
[1518123600000,8330,8239.7,8408.1,8160,9407.10862036]
[1518112800000,8202.1,8330,8490,8062,8443.54890056]
[1518102000000,8418.1,8201,8488,8166,9851.35514902]
[1518091200000,8469.5,8419.6,8648.9,8350,10995.08323491]
[1518080400000,8229.4,8469.6,8619.4,8153.3,11178.0264308]
[1518069600000,7985.1,8229.3,8375,7890,8684.68644403]
[1518058800000,8037.9,7985.1,8250,7878.2,7269.16585505]
[1518048000000,7585,8037.9,8140,7565,11787.1626828]
[1518037200000,8153,7586.9,8279,7535,15603.75648709]
[1518026400000,8318.6,8152.6,8429,7902.4,10145.43948783]
[1518015600000,8217.7,8318.9,8339,7951,11967.25107043]
[1518004800000,8152.8,8210.8,8488.9,8023.6,15904.81004435]
[1517994000000,7635,8151.7,8244,7635,18275.54579051]
[1517983200000,7440.9,7634.9,7750,7269.1,10854.901154]
[1517972400000,7350,7440,7559,7175.1,10726.53181012]
[1517961600000,7677.2,7350,7787.1,7305.7,13220.7225163]
[1517950800000,7501,7678.8,7880,7450,15307.43566626]
[1517940000000,7015.2,7500.2,7748.9,6978.3,20985.24606896]
[1517929200000,7182.8,7015.1,7420,6802,27031.81316893]
[1517918400000,6557.3,7188.7,7271,6450,25964.05743641]
[1517907600000,6179,6550.06394996,6950,6141.9,28901.09430387]
[1517896800000,6484.8,6171.9,6497.8,6000,24943.21259877]
[1517886000000,6392.96057138,6477.2,6700,6051,27269.55959388]
[1517875200000,6948.6,6392.96057138,7160.8,6352,22365.09706128]
[1517864400000,7183.9,6946.6,7375.1,6730.1,19786.92969624]
[1517853600000,7082,7176.1,7469,6651,36368.26242121]
[1517842800000,7372.4,7082,7560,7082,20854.8834976]
[1517832000000,7585.8,7372.5,7808.62633374,7343,13514.52568182]
[1517821200000,7800.1,7584,8067.34347844,7520,16570.61458252]
[1517810400000,8200.2,7800,8346.8,7800,8624.85465459]
[1517799600000,8047,8200.7,8380,7971,5619.4106826]
[1517788800000,8185.2,8047.2,8359.9,7856,9952.31884378]
[1517778000000,8131.4,8185.2,8450,7990,10620.94174074]
[1517767200000,8483.9,8131.5,8575,7809,23961.86923289]
[1517756400000,8641.1,8485,8711.9,8200,9586.13911012]
[1517745600000,8701.1,8641.7,8899,8415,9904.6129536]
[1517734800000,9088,8701,9088,8651.2,9397.00510542]
[1517724000000,9279.1,9088,9410,9051,4050.27356698]
[1517713200000,9068,9279.1,9280,9033.1,3051.80970175]
[1517702400000,9223.9,9067.9,9231.29821204,8906,3844.54719661]
[1517691600000,9283,9225.06926588,9295,9022,3725.18248598]
[1517680800000,9203,9280,9499,9126,6657.1489514]
[1517670000000,9381,9203,9477.6,9110.2,6806.33588998]
[1517659200000,9105.5,9381,9467.4,8975,8319.99575057]
[1517648400000,8958,9105.5,9150,8751,5783.26956435]
[1517637600000,8488,8957.1,8999,8430,6085.44572503]
[1517626800000,8538.4,8489,8538.4,8180,9392.32251228]
[1517616000000,8890,8538.4,8923.9,8538.4,5140.33213422]
[1517605200000,8617.7,8890.9,8962,8530.1,6065.3434733]
[1517594400000,8735.7,8617.5,8849,8510,6822.337994]
[1517583600000,8720,8739.5,9189,8622,13433.994189]
[1517572800000,8279,8720,8950,7960,35850.93739443]
[1517562000000,8515,8279.2,8582.08256038,8210.1,19463.69356833]
[1517551200000,8784,8515,8890,8431,19449.02509585]
[1517540400000,9049.9,8782.3,9100,8751,8032.6149494]
[1517529600000,9181,9050,9213,8775,14222.8687399]
[1517518800000,9365,9181,9498,9125,6781.07056113]
[1517508000000,9092,9364.1,9429,8941,16141.55894764]
[1517497200000,9420.3,9092,9430,9031,12245.56287099]
[1517486400000,9571,9407.4,9717,9250,16637.96838104]
[1517475600000,9967.5,9570.4,9993,9512,11374.67281516]
[1517464800000,10225,9967.5,10260,9800,6916.10673712]
[1517454000000,10158,10236,10300,9970,5762.80479774]
[1517443200000,10268,10159,10336,10150,2918.57498332]
[1517432400000,10148,10267,10316,10062,2530.151453]
[1517421600000,10015,10148,10185.02189513,9970,2264.24316916]
[1517410800000,9989,10016,10160,9842,5706.16757451]
[1517400000000,10287,9998.5,10414,9907,5360.88202823]
[1517389200000,10207,10285,10379,10012,3993.60576713]
[1517378400000,10000,10207,10350,9988.1,4308.63509364]
[1517367600000,10160,10000,10200,9776.4,5620.93506133]
[1517356800000,10171,10157,10249,9760,13447.69037811]
[1517346000000,10135,10171,10544,10000,6594.26218429]
[1517335200000,10211,10134,10435,9860.4,19348.72928628]
[1517324400000,10553,10210,10594,10210,9377.25535282]
[1517313600000,11005,10553,11050,10470,9960.64266939]
[1517302800000,11113,11005,11142.0857306,10852,3715.10999388]
[1517292000000,10993,11111,11150,10901,2967.55550298]
[1517281200000,10976,10988,11083,10775,3750.7756592]
[1517270400000,11217.81768538,10976,11250,10850,5571.6292324]
[1517259600000,11238,11217.81768538,11346,11070,3452.82136927]
[1517248800000,11383,11238,11421.72019941,11201,2995.45658551]
[1517238000000,11331,11380,11450,11240,2141.33861092]
[1517227200000,11235,11331,11427,11187,1934.41541027]
[1517216400000,11385,11236,11472,11073.33958175,2937.67303354]
[1517205600000,11577,11385,11621.12308559,11214,4143.38296782]
[1517194800000,11560,11582,11670,11411,1946.46472818]
[1517184000000,11835,11560,11975,11413,6096.74564713]
[1517173200000,11892,11828,11940,11795,1885.84120364]
[1517162400000,11791,11895,11930,11717,2098.59188369]
[1517151600000,11761,11794,11899.25718206,11710,3705.52104215]
[1517140800000,11977,11762,12050,11664,5174.4200061]
[1517130000000,11956,11974,11981,11803,4046.16090541]
[1517119200000,11895,11956,12190,11860,3473.20440521]
[1517108400000,11479,11893,12081,11477,6539.44849915]
[1517097600000,11458,11479,11632,11390,2699.43655593]
[1517086800000,11537,11458,11622,11354,2925.78952865]
[1517076000000,11456,11537,11689,11414,2982.94106064]
[1517065200000,11024,11457,11588,11015,8688.11347174]
[1517054400000,10941,11026,11080,10889,2635.8913006]
[1517043600000,11171,10939,11369,10800,4452.96245321]
[1517032800000,11226,11166,11444,11098,4996.87425784]
[1517022000000,11108,11227,11300,10951,4418.38861906]
[1517011200000,11069,11108,11250,10863,3299.33976965]
[1517000400000,10955,11070,11164,10751,3266.46991607]
[1516989600000,11137,10959,11156,10847,3259.23889216]
[1516978800000,10772,11138,11229,10733,9077.54393773]
[1516968000000,10485,10772,10796,10365,8656.33371253]
[1516957200000,10731,10490,10742,10276,12057.39472537]
[1516946400000,11362,10713,11444,10430,12932.8615213]
[1516935600000,11610,11361,11611,11353,2892.82844934]
[1516924800000,11147,11611,11700,11126,4604.33445901]
[1516914000000,11263,11147,11334,11068,2276.81493835]
[1516903200000,11029,11265,11385,11026,4336.55138806]
[1516892400000,11186,11023,11191.55779747,10845,6678.73701267]
[1516881600000,11171,11185,11284,11034,3605.58250435]
[1516870800000,11271,11171,11448,11130,3461.18569639]
[1516860000000,11556,11268,11630.51217071,11251,3403.98248474]
[1516849200000,11528,11557,11734,11369,3979.4841365]
[1516838400000,11390,11534,11647,11256,6669.49339045]
[1516827600000,11159,11391,11427.87732756,11064,3473.70651701]
[1516816800000,11102,11159,11261,10990,3517.9099694]
[1516806000000,11290,11102,11332,10858,6627.54345309]
[1516795200000,11045,11286,11557.88958366,10970,9445.13260071]
[1516784400000,10835,11045,11194,10761,5261.14111264]
[1516773600000,10626,10835,11090,10598,4235.92742772]
[1516762800000,10739,10626,10861,10430,4074.20351374]
[1516752000000,10812,10739,10906,10518.33321843,7222.06329157]
[1516741200000,11142,10811,11170,10746,7243.58882901]
[1516730400000,11172,11142,11421,10885,6452.83418196]
[1516719600000,10432,11172,11427,10394,12233.52597354]
[1516708800000,10151,10432,10500,10013,8317.38425015]
[1516698000000,10675,10150,10687,9900,9764.37195384]
[1516687200000,10376,10676,10729,10131,7405.08683728]
[1516676400000,10768,10367,10987,10260,6284.03914573]
[1516665600000,10779,10768,10961,10611,6151.0966097]
[1516654800000,10378,10779,10900,10009,14432.22673693]
[1516644000000,10554,10377,10650,10268,6710.33204919]
[1516633200000,10621,10554,10725,10176,10990.28468813]
[1516622400000,11272,10622,11352,10371,14765.39113465]
[1516611600000,11716,11273,11878,11272,3959.63929374]
[1516600800000,11458,11718,11900,11420,5887.02726117]
[1516590000000,11556,11458,11800,11355,4360.46910245]
[1516579200000,11513,11557,11717,11222,5248.34748492]
[1516568400000,11067,11514,11514,11067,5179.80980473]
[1516557600000,11389,11067,11593,11015,5933.84569867]
[1516546800000,11711,11386.07443212,11857,11155,11191.8832241]
[1516536000000,12119,11712,12223,11673,5002.03775106]
[1516525200000,11852,12119,12119,11621,4889.6206046]
[1516514400000,12107,11847,12191,11663,8333.1315045]
[1516503600000,12524,12108,12651,12051,7927.21210237]
[1516492800000,12731,12520,12732,12307,5166.84612429]
[1516482000000,12766,12731,12950,12670,2811.7519392]
[1516471200000,12788,12766,13017,12583,5324.21737532]
[1516460400000,12549,12788,12945,12467,6834.15052076]
[1516449600000,12295,12548,12699,12251,4246.56121867]
[1516438800000,12743,12300,12747,12271,4962.83494553]
[1516428000000,12650,12747,12749,12310,7246.81689848]
[1516417200000,11658,12650,12654,11534,11174.4008036]
[1516406400000,11477,11658,11690,11407,3701.89871099]
[1516395600000,11345,11476,11498.35493349,11134,3252.64557177]
[1516384800000,11216,11345,11434,11011.81445337,6211.53653433]
[1516374000000,11419,11214,11650,11127,5698.22562402]
[1516363200000,11569,11420,11900,11348,6147.84619073]
[1516352400000,11532,11569,11733,11371,4018.71697941]
[1516341600000,11188,11528,11676,10912,9387.82787549]
[1516330800000,10767,11187,11317,10647,6498.80922094]
[1516320000000,11031,10771,11399,10701,7334.69198886]
[1516309200000,11624,11030,11740,10805,10364.32488055]
[1516298400000,11136,11626,11849,11111,7612.69408499]
[1516287600000,11795,11137,11904,11132,11970.40682039]
[1516276800000,11463,11793,11874,11346,11381.9185938]
[1516266000000,10779,11462,11608,10737,9099.28142071]
[1516255200000,10905,10778,11311,10515,8923.81135042]
[1516244400000,11636,10912,11670,10745,10376.89557871]
[1516233600000,11113,11636,11669,10775,15475.69180791]
[1516222800000,10890,11108,11450,10635,18030.37306203]
[1516212000000,10034,10890,10983,9763,14912.76264036]
[1516201200000,9377.2,10048,10410,9231.1,23785.68849454]
[1516190400000,9895.8,9377.1,10479,9362,16668.38059133]
[1516179600000,10663,9898,10686,9633,20956.12305328]
[1516168800000,10912,10664,11244,10339,11245.72508724]
[1516158000000,10807,10912,11183,10200,12731.0619825]
[1516147200000,11065,10805,11497,10600,13916.70159306]
[1516136400000,10910,11065,11385,9940,25780.35079211]
[1516125600000,11030,10910,11657,10717,17802.58325253]
[1516114800000,11674,11031,12084,11014,14256.53579072]
[1516104000000,12048,11670,12072,11325,12817.82399816]
[1516093200000,12049,12046,12131,10891,20500.56275669]
[1516082400000,13113,12049,13212,11400,20400.51190501]
[1516071600000,13174,13114,13175,12757,5478.48859991]
[1516060800000,13602,13174,13617,12647,14795.66434689]
[1516050000000,13700.15962661,13601,13943,13413,4804.66734153]
[1516039200000,13896,13700,13980,13607,3436.74515026]
[1516028400000,14129,13899,14183.27514082,13887,3426.30644944]
[1516017600000,13778,14129,14356,13656,7475.37434803]
[1516006800000,13590,13779,13862,13580,4428.84074601]
[1515996000000,13581,13590,13827,13547,3637.35618972]
[1515985200000,13435,13580,13642,13300,3018.47253554]
[1515974400000,13554,13441,13763,13400,3280.14296212]
[1515963600000,13451,13558,13699,13283,3966.0044422]
[1515952800000,13437,13451,13620,13251,5177.73621407]
[1515942000000,13466,13437,13493,12874.34212454,7296.41651096]
[1515931200000,13470,13467,13557,13101,5533.26683651]
[1515920400000,13640,13471,13641,13305,4214.30132704]
[1515909600000,13784,13639,13911.80807124,13599,2434.05999587]
[1515898800000,14215,13796,14261,13547,4578.56184141]
[1515888000000,14192,14218,14393,14153,2401.67610646]
[1515877200000,14167,14199,14378,14033,2220.46273787]
[1515866400000,14310,14169,14366,14010,2752.75221318]
[1515855600000,14398,14310,14410,14114,3857.21472024]
[1515844800000,14282,14398,14580,14243,5594.65300326]
[1515834000000,14228,14280,14296,14017,2933.5963406]
[1515823200000,14201,14228,14388,14052,3268.53023599]
[1515812400000,14101,14202,14249,13914,3397.89734442]
[1515801600000,13790,14100,14291,13750,4981.09535471]
[1515790800000,13887,13794,13887,13533,2990.38983108]
[1515780000000,13564,13887,13963.02106352,13400,3248.66354531]
[1515769200000,13885,13561,13944,13370,4624.03560361]
[1515758400000,13939,13885,14081,13703,4462.79416039]
[1515747600000,13558,13941,14100,13316,7145.24467042]
[1515736800000,13567,13553,13800,13484,4072.53680151]
[1515726000000,13443,13567,13790,13339,4620.48073799]
[1515715200000,13253,13443,13549,12751,6259.32811554]
[1515704400000,13457,13254,13538,12860,7973.99953562]
[1515693600000,13601,13457,13900.79460631,13139,6833.0054878]
[1515682800000,13913,13601,14260,13601,7669.7432939]
[1515672000000,13475,13914,13999,13446,6710.16433912]
[1515661200000,13708,13475,13754,13116,6006.78437081]
[1515650400000,13114,13706,13833,13068,9083.12850075]
[1515639600000,14246,13113,14267,12639,22516.75222183]
[1515628800000,14900,14245,14999,14158,4901.81566701]
[1515618000000,14437,14900,14901,14251,4796.16418507]
[1515607200000,14545,14444,14682,14230,4350.14980131]
[1515596400000,13685,14544,14650,13676,13942.21758388]
[1515585600000,13949,13684,14060,13510,5568.95293178]
[1515574800000,13379,13949,14038,13355,6967.81080702]
[1515564000000,14154,13375,14330,13300,9148.24344953]
[1515553200000,14238,14160,14383,14001,5381.33441996]
[1515542400000,14429,14241,14479,13875,7177.77295996]
[1515531600000,14737,14425,14778,14153,5423.36242225]
[1515520800000,14924,14737,14990,14586,3845.40476407]
[1515510000000,14537,14922,14998,14500,5217.13484223]
[1515499200000,14764,14536,14874,14122,9747.87575244]
[1515488400000,15163,14766,15163,14415,5571.79191285]
[1515477600000,15008,15163,15290,14751,3583.8995572]
[1515466800000,15208,15014,15355,14830,5265.26265672]
[1515456000000,14911,15208,15289,14808,4781.62721503]
[1515445200000,14925,14906,14990,14420,6611.10040613]
[1515434400000,14763,14918,15152,14574,6644.22894821]
[1515423600000,14395,14764,14923,13755,17010.52875221]
[1515412800000,15489,14394,15536,14320,13646.14769618]
[1515402000000,15459,15488,15531.85697549,15101,6040.01104238]
[1515391200000,15835,15460,15977,15333,3910.91025819]
[1515380400000,15917,15845,15966,15510,5247.1250739]
[1515369600000,16213,15920,16329,15725,5842.66484533]
[1515358800000,16178,16215.35727958,16498,16142,2662.20505641]
[1515348000000,15871,16178,16237,15712,4481.86157965]
[1515337200000,16572,15845,16602.08894879,15751,6765.1054951]
[1515326400000,16606,16572,16640.59491721,16337,3529.16283849]
[1515315600000,16787,16607,16822,16606,2100.80215377]
[1515304800000,16593,16787,16913,16404,2840.62450606]
[1515294000000,16778,16593,16824,16500,3890.49495459]
[1515283200000,17165,16787,17178,16705,4567.82837682]
[1515272400000,16873,17169,17252,16745,4976.22552302]
[1515261600000,16912,16867,16999,16668,3036.65343411]
[1515250800000,16497,16910,16999,16449,3606.12648709]
[1515240000000,16519,16496,16653,16251,3347.31987882]
[1515229200000,16447,16520,16749,16341,3245.39677082]
[1515218400000,16643,16445,16691,16372.25644975,2444.3441708]
[1515207600000,16546,16643,16787,16411,3735.10209082]
[1515196800000,16912,16550,17099,16545,5225.31689211]
[1515186000000,16611,16911,17105,16611,7830.07637434]
[1515175200000,16401,16611,16612,16210,5800.99681631]
[1515164400000,16067,16401,16620,15914,10233.22526942]
[1515153600000,16103,16063,16150,15780,5618.63878107]
[1515142800000,15597,16104,16242,15593,13061.29609959]
[1515132000000,15009,15597,15770,14817,5152.90686045]
[1515121200000,15060,15009,15107,14725,3486.30987893]
[1515110400000,15159,15060,15193,14909,3444.15098507]
[1515099600000,14855,15159,15198,14809,3592.8795485]
[1515088800000,14701,14854.50411122,15090,14693,6949.6099154]
[1515078000000,14560.53088039,14702,14760,14350,5862.43616408]
[1515067200000,14528,14560.53088039,14696,14159,5833.69984034]
[1515056400000,14277,14528,14580,14060,5438.76296615]
[1515045600000,14848,14277,15051,14104,7344.25156842]
[1515034800000,15210,14846.69836849,15248.14896269,14750,5057.7157527]
[1515024000000,15150,15210,15422.15785315,14936,6400.62688705]
[1515013200000,15002,15150,15192,14833.04413864,3955.33432535]
[1515002400000,14872,15001,15006,14703,4632.10213963]
[1514991600000,14861,14874,15214,14850,4872.28289019]
[1514980800000,14848,14868,15072,14500,4176.78172554]
[1514970000000,15097,14844,15125,14507,6431.74767421]
[1514959200000,15089,15098,15428.83091885,15020,5171.17934229]
[1514948400000,15049,15089,15249,14807,4312.1894587]
[1514937600000,14717,15050,15112,14692,4806.75589635]
[1514926800000,14827,14722,15025,14636,6097.93074395]
[1514916000000,13889,14826,15500,13888,21016.97194823]
[1514905200000,13787,13889,13938,13577,4899.75862204]
[1514894400000,13531,13788,13979,13503.20378177,4994.90680511]
[1514883600000,13376,13532,13679,13372,3433.60456578]
[1514872800000,13091,13376,13452,13008,2503.51189697]
[1514862000000,13551,13091,13551,12795,6948.40166076]
[1514851200000,13375,13550,13898,13373,6297.86648658]
[1514840400000,13404,13376,13662,13341,3672.38989896]
[1514829600000,12993,13404,13499,12950.00953353,3816.22594149]
[1514818800000,13171,12993,13290,12969,2976.51879452]
[1514808000000,13234,13193.44429002,13265,12777,5360.23205613]
[1514797200000,13417,13231,13622,13072,3726.19460091]
[1514786400000,13511,13417,13893,13389,3471.3997255]
[1514775600000,13363,13501,13608,13262,2453.35630339]
[1514764800000,13763,13362,13788,13214,4088.61223136]
[1514754000000,14039,13769,14049,13730,2857.9395761]
[1514743200000,13863,14036,14210,13664.23981635,3854.48885433]
[1514732400000,13356,13862,14100,13120,10681.73869189]
[1514721600000,13001.49837196,13354,13449,12751,6954.74194673]
[1514710800000,12536.85898975,13000,13082,12400,3964.65795431]
[1514700000000,12701,12536.85898975,12931,12500,3489.58315783]
[1514689200000,13237,12699,13399,12677,4650.29828444]
[1514678400000,12385,13238,13250,12166,6816.80282793]
[1514667600000,12746,12384,12850,12353,3945.06552828]
[1514656800000,12557,12746,13031,12201,7751.3407464]
[1514646000000,12283,12558,12591,11651,11805.81070138]
[1514635200000,13151,12287,13160,11863,17654.48768451]
[1514624400000,13250,13155,13250,12814.20187681,6343.69219962]
[1514613600000,13233,13251,13499,13119,5433.03858847]
[1514602800000,13188,13233,13399,12752,7723.61162978]
[1514592000000,14304,13187,14417,12823,14785.12077722]
[1514581200000,14294,14304,14554,14054,4454.09588449]
[1514570400000,14570,14293,14679,14256,5076.45254659]
[1514559600000,14406,14570,14810,14175,6400.48265624]
[1514548800000,14232,14412,14437,13846,6312.11718482]
[1514538000000,14496,14232,14541.13806662,13826,8660.85765067]
[1514527200000,14904,14492,15131,14333,6214.83888]
[1514516400000,14900,14905,15000,14733,4183.3053073]
[1514505600000,14324,14901,14940,14055,6695.29299266]
[1514494800000,13782,14323,14333,13611,4975.11398045]
[1514484000000,14033,13780,14048.76952198,13333,7247.8313737]
[1514473200000,14154,14034,14414,13606,7604.90827125]
[1514462400000,13722,14154,14185,13530,7127.10054298]
[1514451600000,14139,13721,14379,13145,9488.4666814]
[1514440800000,13642,14133,14222,13589,8793.55981898]
[1514430000000,14112,13642,14590,13550,18473.99388507]
[1514419200000,15374,14115,15468,13870,9191.80366456]
[1514408400000,14722.05689799,15375,15480,14659,5994.46680947]
[1514397600000,14859,14732,15249,14540,8204.87490476]
[1514386800000,15240,14859,15381,14454,12585.90553203]
[1514386800000,15240,14859,15381,14454,12585.90553203]
[1514376000000,15648,15240,15998,15142,5673.65946086]
[1514365200000,16051,15647.53912182,16221,15410,7101.12280865]
[1514354400000,16379,16052,16494,15955,6005.25684266]
[1514343600000,15782,16380,16449,15676,5288.57696539]
[1514332800000,15680,15781,15960,15500,4135.05785213]
[1514322000000,15722,15680,15949,15500,4794.65082749]
[1514311200000,15650,15722,16060,15414,6612.76281138]
[1514300400000,15686,15650,15950,15301,8737.83350374]
[1514289600000,14769,15684,15688,14561,11628.23108353]
[1514278800000,14781,14768,15248,14652,6810.43677939]
[1514268000000,14880,14782,15248,14750,7148.36689798]
[1514257200000,13697,14887,15399,13688,15032.48280514]
[1514246400000,13634,13697,13881,13531,2668.05660353]
[1514235600000,13490,13633,13748,13353,3812.59939087]
[1514224800000,13601,13504,13999,13425,5154.77496015]
[1514214000000,13182,13601,13747,13170,5761.35794173]
[1514203200000,13807.68235565,13182,14278,13061,9823.75302383]
[1514192400000,13864,13807.68235565,13980,13555,3689.62646664]
[1514181600000,13400,13863,13910,13303,5620.49343852]
[1514170800000,12940,13400,13601,12675,5922.47717969]
[1514160000000,13503,12940,13626,12835,5824.4331379]
[1514149200000,12846,13477,13577,12518,5996.59662483]
[1514138400000,12469,12845,13000,12008,7674.44719908]
[1514127600000,13050,12468,13200,12258,7623.0351176]
[1514116800000,12253,13050,13159,11600,13447.31337254]
[1514106000000,13531,12251.15762705,13621,11762,14767.05267598]
[1514095200000,13447,13531,13830,13041,4635.52282563]
[1514084400000,12830,13447,13651,12800,6769.18515621]
[1514073600000,14036,12820,14050,12800,11469.12527759]
[1514062800000,14730.09261016,14035,14999,13716,10006.93112369]
[1514052000000,14660,14730,14800,14280,4295.71737976]
[1514041200000,14850,14660,14961,14151,9890.67032273]
[1514030400000,14704,14850,14869,14251,8143.31199525]
[1514019600000,13895,14705,14710,13650,7097.39549452]
[1514008800000,13562,13894,14180,13043.46794701,5872.24169149]
[1513998000000,13573,13562,14187,13352,6434.74098965]
[1513987200000,13173,13572,13922,12521,8188.23468685]
[1513976400000,13748,13173,14459,12622,16737.40270821]
[1513965600000,12628,13748,13749,12251,14814.59812434]
[1513954800000,12036,12629,12890,11505,24230.86775876]
[1513944000000,13489.39196397,12036,13557,10700,38686.96442254]
[1513933200000,13061,13489.39196397,14270,13053,17062.49806151]
[1513922400000,13865,13060,14161,12110,24955.58086691]
[1513911600000,14129,13865,14999,13005,25694.53560658]
[1513900800000,15645,14083,15842.42999525,13800,16454.51835334]
[1513890000000,15149.10300582,15645,15839,15068,6889.49684767]
[1513879200000,15305,15150,15490,14927,7853.35923496]
[1513868400000,15858,15303,15960,14801,19469.95590373]
[1513857600000,16568,15858,16775,15851,7278.53190641]
[1513846800000,16683,16566,16933,16401,4671.01781243]
[1513836000000,16709,16683,17333,16590,6110.90809049]
[1513825200000,16299,16709,17111,16000,7206.80461117]
[1513814400000,16425,16300,16718,16287,6114.75416831]
[1513803600000,16574,16425,16612,15500,10642.82336829]
[1513792800000,16800,16575,16840,16325,6774.33471965]
[1513782000000,17100,16800,17101,15864,11084.60674235]
[1513771200000,17295,17101,17709,16681,9474.03104426]
[1513760400000,16962,17295,17470,16690,6432.78194772]
[1513749600000,16301,16961,16989,15821,9183.59333336]
[1513738800000,17169,16301,17197,16258,6449.05509547]
[1513728000000,17344,17169,17344,15675,22115.70850052]
[1513717200000,17498.20159019,17345,17581,16400,13988.54598438]
[1513706400000,17959,17498,18186,17309,6033.27955258]
[1513695600000,17639,17959,18295,17500,8566.16103664]
[1513684800000,17597,17640,18183,17421,10577.77712435]
[1513674000000,18741,17600,18755,17255,15435.80395301]
[1513663200000,18755,18740,18780,18567,2926.36076101]
[1513652400000,18747,18756,18920,18600,4307.51086345]
[1513641600000,18924,18744,18987,18585,4816.5079436]
[1513630800000,18602,18928,18968,18566,4542.43626898]
[1513620000000,18458,18604,18826.32973265,18202,4033.13198424]
[1513609200000,18507,18457.62973999,18758,18411,5155.10796599]
[1513598400000,19069,18508,19139,18100,8094.35760906]
[1513587600000,18876,19069,19175,18438,5962.3685607]
[1513576800000,18845,18875,18943,18501,3681.56099208]
[1513566000000,18199,18845,18909,18199,4163.21435801]
[1513555200000,18956,18199,18969,18010,17936.35525753]
[1513544400000,18959,18960,19532,18740,8608.93084094]
[1513533600000,19046,18960,19370,18622,8133.1413022]
[1513522800000,19465,19052,19539,18924,8530.03421784]
[1513512000000,19797,19465,19891,19350,5010.56778704]
[1513501200000,19354,19796,19830,19312.40186907,7140.27156355]
[1513490400000,19260,19354,19597,19214,4625.45881241]
[1513479600000,19140,19261,19350,18918,4148.15261914]
[1513468800000,19209,19140,19336,18879,5607.41498576]
[1513458000000,19136,19210,19550,18808.232186,7156.79002643]
[1513447200000,18743,19137,19400,18551,8055.52915276]
[1513436400000,18628,18721,18900,18313,10213.45365143]
[1513425600000,18004,18621,18633,17884,8172.95352664]
[1513414800000,17822,18004,18062,17732.9052396,3557.91553244]
[1513404000000,17522,17823,17900,17522,4215.64372752]
[1513393200000,17369,17522,17608,17050,3920.26831907]
[1513382400000,17569,17370,17625,17318,2975.39672779]
[1513371600000,17752,17569,17775,17111,6882.25791277]
[1513360800000,17570,17742,17869,17529,4149.5296594]
[1513350000000,17659,17569,17777,17515,4997.71270742]
[1513339200000,17979,17659,18062,17560,6718.64564729]
[1513328400000,17281,17980,18111,17281,11498.44008664]
[1513317600000,17235,17281,17350,17030,4992.88845183]
[1513306800000,17299,17234,17490,16944,8396.36372717]
[1513296000000,16384,17300,17700,16349,15487.81945384]
[1513285200000,16256,16384,16451,16227,3554.73606889]
[1513274400000,16437,16259,16616,16256,4648.34839684]
[1513263600000,16129.69834986,16436,16562,15955,7320.35471581]
[1513252800000,16523,16129.69834986,16720,16122,5693.1041499]
[1513242000000,16630,16516,16719,16324,4410.16721479]
[1513231200000,16318,16630,16999,16150,7503.66800132]
[1513220400000,16037,16318,16589,15970,6649.68266234]
[1513209600000,16176,16049,16440,15851,5951.11324612]
[1513198800000,16218,16171,16750,16000,7214.99324971]
[1513188000000,16310,16217,16518,15632,11972.24429309]
[1513177200000,17001,16308,17154,16101,10696.05742629]
[1513166400000,16607,17001,17161,16607,7111.06329631]
[1513155600000,16539,16606,16850,16430,4190.31428868]
[1513144800000,16703,16540,16715,16290,4079.76547347]
[1513134000000,16200,16703,16879,16001,6612.9333035]
[1513123200000,16968,16200,17293,15800,10996.6953175]
[1513112400000,17038,16972,17250,16800,5644.01391675]
[1513101600000,17314,17037,17579,17000,7448.30231206]
[1513090800000,17003,17314,17315,16852.96283118,4637.91146161]
[1513080000000,16768,17015,17284,16615,6918.82995654]
[1513069200000,16835,16770,16989.80753061,16676,4968.41154129]
[1513058400000,16542,16835,16962,16334,6203.51067568]
[1513047600000,16780,16546,16851,16210,8614.20173597]
[1513036800000,16753,16780,17077,16550,7650.75297039]
[1513026000000,17265,16753,17279.85379129,16610,11289.42851003]
[1513015200000,16277,17265,17450,16266,14403.95744809]
[1513004400000,16224,16278,16500,16150,4969.422954]
[1512993600000,16049,16224,16489,15750,6040.52060135]
[1512982800000,16393,16048,16600,16030.35965384,7901.7026519]
[1512972000000,16087,16392,16745,16086,7147.80002435]
[1512961200000,16099,16087,16588,15396,13892.79002952]
[1512950400000,14939,16099,16099,14927,12431.24163068]
[1512939600000,15234,14960,15741,14305,19996.19650508]
[1512928800000,15309,15233,15600,14921,6953.41802257]
[1512918000000,15024,15311,15683,14655,13394.96755582]
[1512907200000,13645,15023,15500,13410,17820.2055167]
[1512896400000,13298,13644,13974,13131,7344.91593722]
[1512885600000,13269,13298,13850,12929,8554.38937309]
[1512874800000,13288,13266,13666.36691918,12730.63686141,20421.49974831]
[1512864000000,14679,13288,14691,13256,12659.21793103]
[1512853200000,14300,14661,14851,14074.79249156,6737.87552339]
[1512842400000,13560,14270,14560,13540,16096.1616289]
[1512831600000,14679,13531.00974101,14679,13010,20223.02181881]
[1512820800000,14739,14681,15164,14468,6279.33896436]
[1512810000000,15011,14738,15136,14230,9591.44521454]
[1512799200000,14961,15000,15345,14872,4394.84555332]
[1512788400000,15601,14969,15652,14800,6354.40569938]
[1512777600000,15843,15601,16300,15331,8142.2326925]
[1512766800000,14851,15822,15999,14851,8776.09315544]
[1512756000000,14657,14851,15398,14568,7446.94662263]
[1512745200000,15557,14657,15600,14643.63049121,9458.23803134]
[1512734400000,14623,15535,15584,14175,16291.15105118]
[1512723600000,15263,14624,15686,13722,19888.47101079]
[1512712800000,15350,15259,16169,14607,15887.59510488]
[1512702000000,16695,15355,16724,14023,30605.25444327]
[1512691200000,16608,16685,17171,16200,15685.04217797]
[1512680400000,15539,16609,16649,15500,16788.1142279]
[1512669600000,15422,15538,15820,14851,17775.65906843]
[1512658800000,14996,15415.25794495,15700,14445,29920.51630692]
[1512648000000,13650,14999,15117,13610,17196.9613816]
[1512637200000,14299.21460502,13650,14689,13553,18045.85536184]
[1512626400000,14014,14300,14400,13801,11182.62596154]
[1512615600000,13522,14013,14144,13500,10286.48017114]
[1512604800000,13509,13518,13985,13139,20026.98061322]
[1512594000000,13102,13509,13599,12910,16971.07812195]
[1512583200000,12523,13102,13105,12517,11803.94206651]
[1512572400000,12699,12522,12700,12200,11602.55640222]
[1512561600000,12563,12700,12750,12497,6310.33018733]
[1512550800000,12399,12563,12819,12273,9565.5141396]
[1512540000000,12281,12395,12470,12250,7868.16739216]
[1512529200000,12147,12283,12289,12076,7599.58920067]
[1512518400000,11591,12145,12169,11590,11923.87929695]
[1512507600000,11709,11592,11751,11561,5151.82673319]
[1512496800000,11606,11709,11800,11585,4129.80428937]
[1512486000000,11762,11605,11878,11437,9822.84748486]
[1512475200000,11666,11762,11961,11612,7486.6001432]
[1512464400000,11790,11665,11790,11501,5370.07650562]
[1512453600000,11503,11790,11842,11500,7201.79035645]
[1512442800000,11520,11504,11590,11405,3972.49593585]
[1512432000000,11598,11521,11665,11470,5768.25260525]
[1512421200000,11360,11599,11599,11360,6772.71368384]
[1512410400000,11226,11360,11523,11024,10783.36173256]
[1512399600000,11357,11224,11428,11164,5645.36348281]
[1512388800000,11159,11357,11436,10718,13061.01478088]
[1512378000000,11499,11155.20067355,11539,11059,6840.7543539]
[1512367200000,11415,11500,11549,11313,3833.01826397]
[1512356400000,11253,11415,11560,11250,6335.07512344]
[1512345600000,11161,11257.87948322,11600,11150,10504.40939732]
[1512334800000,11268,11162,11450,10161,34622.03866512]
[1512324000000,11642,11219,11843,11102,13718.20003021]
[1512313200000,11633,11643,11843,11633,5648.0795326]
[1512302400000,11639,11635,11874,11525,12238.31402839]
[1512291600000,11117,11640,11666,11050,13234.59711815]
[1512280800000,11044,11118,11177,10960,3943.89014225]
[1512270000000,10898,11043,11098,10809,4639.87156909]
[1512259200000,10881,10895,10992,10755,5019.4034907]
[1512248400000,10949,10880,11050,10864,3580.60952675]
[1512237600000,10876,10950,10990,10835,3031.95417932]
[1512226800000,10860,10875,10917,10675,5177.10954312]
[1512216000000,10967,10860,11137.83575586,10665,8630.66528683]
[1512205200000,10966,10966,11190,10830,7607.05411045]
[1512194400000,10906,10965,10983,10801,4680.93722746]
[1512183600000,11036,10903,11049,10621,7961.48482914]
[1512172800000,10861,11036,11161,10820,9033.90435086]
[1512162000000,10788,10860,10950,10680,8676.11853007]
[1512151200000,10454,10788,10878,10454,8545.66719232]
[1512140400000,10601,10451,10716,10401,9393.25846527]
[1512129600000,9966.8,10601,10760,9966.8,24829.95466423]
[1512118800000,9785,9966.4,10062,9737.7,9208.39919888]
[1512108000000,9568.3,9784.9,9838.1,9370.1,7890.80096451]
[1512097200000,9762.6,9568.3,9899,9523,5719.70586606]
[1512086400000,9907,9765.9,10057,9520,9880.94830445]
[1512075600000,9364,9907,10099,9363.9,13818.78108175]
[1512064800000,9505.9,9364,9860,9358,16490.81530675]
[1512054000000,9367,9505.8,9540,8920,20780.56626635]
[1512043200000,9637.9,9365.4,9822,8801,27408.24946481]
[1512032400000,10221,9637.1,10233,9400,15363.54932938]
[1512021600000,10290,10223,10309,9811.5,11559.50719657]
[1512010800000,10390,10289.16047713,10542,10121,7739.23398153]
[1512000000000,9766.1,10391,10468,9633,15887.35294791]
[1511989200000,9532.6,9766.1,10329,9447,24041.23203173]
[1511978400000,10565,9530.3,10686,9000,46094.3156116]
[1511967600000,11144,10600,11399,10075,30617.60987022]
[1511956800000,10799,11144,11441,10790,21686.75813909]
[1511946000000,10600,10798,10871,10570,9914.93583016]
[1511935200000,10060,10600,10669,10048,15526.9668057]
[1511924400000,10131,10060,10884,10035,25562.32750069]
[1511913600000,9895.2,10131,10131,9885.1,9395.60351668]
[1511902800000,9840.5,9892.1,9944.9,9837.2,4322.75511643]
[1511892000000,9909.1,9843.5,9999,9780,8537.35870754]
[1511881200000,9879.3,9909.1,9914,9826,3825.81536017]
[1511870400000,9929.8,9879.3,9941.3,9750,8110.91638395]
[1511859600000,9840.2,9929.9,9930.8,9802.5,5081.96963764]
[1511848800000,9868.1,9840.7,9880.3,9750,5904.17758285]
[1511838000000,9628.3,9868.1,9895,9625,7421.70989261]
[1511827200000,9722.9,9628,9731.1,9580.8,3901.29444297]
[1511816400000,9572.9,9723.6,9740,9557.8,5475.20573789]
[1511805600000,9583.3,9572.9,9614.7,9455.9,4015.62364099]
[1511794800000,9621.3,9597.7,9675,9450.5,6627.27518873]
[1511784000000,9615.1,9618.8,9696,9544.3,6354.82850037]
[1511773200000,9728.6,9615.3,9728.6,9231,18210.14479491]
[1511762400000,9657,9728.9,9771,9634.7,5811.8397309]
[1511751600000,9559.6,9657.6,9725.6,9550.1,5377.2330959]
[1511740800000,9306.6,9559.6,9724,9301,14758.06821804]
[1511730000000,9330,9305.1,9434.4,9201,6867.90041356]
[1511719200000,9289.5,9329.9,9495,9124.1,15202.19848385]
[1511708400000,8999.9,9289.5,9400,8994.1,16582.32434957]
[1511697600000,8970.7,8999.9,9034,8922,2819.70947068]
[1511686800000,8860,8970.7,9015,8800.1,5076.429599]
[1511676000000,8894.6,8860,9060.2,8847.8,9233.59606827]
[1511665200000,8790.6,8894.7,8949.9,8790.1,3479.75356567]
[1511654400000,8753.6,8790.6,8923.1,8746.9,8340.81760029]
[1511643600000,8708.1,8753.4,8770,8664.3,3992.81230243]
[1511632800000,8699.9,8708,8719.9,8620,3495.90351461]
[1511622000000,8566.8,8699.1,8745.4,8550,6207.52441313]
[1511611200000,8471,8562.7,8679,8461,8836.47351883]
[1511600400000,8400.1,8471,8532.3,8400,7262.42295003]
[1511589600000,8234.4,8401.8,8488,8230,8460.23567631]
[1511578800000,8186.1,8234.3,8263.2,8180.2,2575.60286198]
[1511568000000,8189.5,8186,8223.9,8131.6,3444.63235523]
[1511557200000,8229,8191.7,8275.4,8189,3057.72778285]
[1511546400000,8217.4,8226,8281.7,8175,3632.7293607]
[1511535600000,8170,8220.3,8233.1,8150,3753.61482644]
[1511524800000,8236.6,8170,8244.9,8150,3454.87698404]
[1511514000000,8243.5,8235.2,8257.3,8076.9,6406.77697142]
[1511503200000,8092,8243.5,8352.1,8079.8,9564.47790797]
[1511492400000,8040.7,8088.9,8115,7985.3,4097.9629395]
[1511481600000,7977.73459081,8041.9,8077.6,7871,8867.73981808]
[1511470800000,8181.1,7977.1,8181.1,7970,5818.21768852]
[1511460000000,8156.4,8181.1,8192.2,8114.7,3142.48676196]
[1511449200000,8185.1,8156.3,8201,8123,3266.65118475]
[1511438400000,8137.2,8185.1,8233.3,8098.3,4343.6482374]
[1511427600000,8148.8,8136.2,8178.5,8076,3762.34561927]
[1511416800000,8236.6,8148.9,8260,8073.6,5990.60268427]
[1511406000000,8212.7,8236.5,8261.5,8161.2,3099.50447133]
[1511395200000,8230.1,8212.8,8268,8171,2708.07241264]
[1511384400000,8188.2,8230,8278.7,8168.4,3620.88416542]
[1511373600000,8142,8188.1,8200,8083,3292.46682685]
[1511362800000,8215.2,8141.5,8263.7,8130.1,3840.57049474]
[1511352000000,8265.1,8213.6,8278.5,8123.8,5331.2070466]
[1511341200000,8281.3,8264.9,8310,8227.1,2839.74241146]
[1511330400000,8140.6,8283.2,8295,8116.2,3577.18899037]
[1511319600000,8165.7,8143.5,8191,8100,2774.2285062]
[1511308800000,8096.8,8169.7,8174,8055,3585.07918921]
[1511298000000,8195,8096.9,8230,7968,7087.63300845]
[1511287200000,8292,8195,8313.8,7938,11462.95991466]
[1511276400000,8342.9,8292,8380,8261.3,5960.34601854]
[1511265600000,8206.9,8334.1,8359,8187,5638.67530273]
[1511254800000,8198.9,8203,8240.2,8154.6,3957.84945321]
[1511244000000,8075,8197.7,8230,8051.9,7200.80078074]
[1511233200000,8108,8075,8125.4,7755.6,23302.40078135]
[1511222400000,8249,8104.8,8292,8051,7241.70559338]
[1511211600000,8253.8,8248.8,8315,8221,4953.58617342]
[1511200800000,8247.7,8253.9,8270,8167.7,7482.65808752]
[1511190000000,8260.4,8253,8287,8175.2,5088.7211383]
[1511179200000,8068.83540561,8259.6,8276,8068.83540561,9343.96701264]
[1511168400000,8063.1,8068.83540561,8090,8024.8,2136.99776678]
[1511157600000,8003,8063.3,8080.8,7961,3536.88709167]
[1511146800000,7975.8,8003,8030,7925,2589.8519166]
[1511136000000,8052.6,7976.2,8084,7958,3148.83573779]
[1511125200000,8045.8,8052.7,8087.9,7951,4443.03176161]
[1511114400000,7991.9,8045.7,8130,7914.2,14667.58994328]
[1511103600000,7793.4,7991.9,8009.5,7731,7637.48469582]
[1511092800000,7758.6,7793.5,7810,7701.2,2808.9254682]
[1511082000000,7736.3,7759.1,7793.3,7722.8,1745.67540234]
[1511071200000,7744.6,7738.5,7780.9,7650,3603.44339012]
[1511060400000,7799.2,7744.6,7820,7728.4,2417.02874017]
[1511049600000,7773.2,7799.2,7840,7735.9,1790.90163026]
[1511038800000,7734.9,7773.3,7867.8,7734.9,5665.63332922]
[1511028000000,7715.7,7735,7783.3,7709.2,2527.9234197]
[1511017200000,7697.8,7716.4,7748,7630.9,3620.76730268]
[1511006400000,7790.3,7697.9,7800,7629.7,3729.92755032]
[1510995600000,7757.1,7790.4,7800,7671,3587.0922825]
[1510984800000,7671.3,7757,7785.5,7554.5,4834.34510453]
[1510974000000,7441.7,7671.3,7723,7440,6530.3759984]
[1510963200000,7674.1,7441.7,7679.7,7412,10211.71564653]
[1510952400000,7690,7675.9,7821.8,7580,8196.85976457]
[1510941600000,7810,7690.1,7862.7,7643.1,6086.09222568]
[1510930800000,7899.9,7812.9,7991.2,7780,7840.47462296]
[1510920000000,7812.3,7902,7920,7712.6,8750.80544671]
[1510909200000,7732.8,7812.8,7920,7690.7,9268.24565594]
[1510898400000,7921.6,7732.3,7931.7,7505,15560.51047706]
[1510887600000,7950.1,7921.5,8016.5,7806,6321.98455852]
[1510876800000,7867.3,7950.1,8040,7780,13911.00461232]
[1510866000000,7772.7,7865.2,8020,7704.4,20755.32090599]
[1510855200000,7711.3,7772,7820,7650,16536.45992784]
[1510844400000,7487.9,7711.2,7730,7419,12290.80641121]
[1510833600000,7409.5,7488.9,7520,7362.4,7538.81420717]
[1510822800000,7414.9,7413.5,7558.5,7358,10811.24728767]
[1510812000000,7216.7,7414.9,7432.3,7202.6,8658.03456682]
[1510801200000,7163.3,7216,7259.1,7152.5,3786.00967661]
[1510790400000,7263.5,7164.2,7279.8,7091,5497.11692268]
[1510779600000,7231.9,7265.84095228,7295,7170,4903.07819189]
[1510768800000,7162.1,7231.9,7319,7059,8369.12706237]
[1510758000000,7095.1,7162.1,7233.3,7066.5,10984.38311312]
[1510747200000,6998.9,7095.1,7149.9,6998.9,14036.08534749]
[1510736400000,6881.3,6998.9,6998.9,6805.6,8528.27828842]
[1510725600000,6788.8,6881.2,6913,6783.8,4448.10249691]
[1510714800000,6859.8,6790.5,6870,6741.5,5376.60767254]
[1510704000000,6590,6859.7,6898,6589.9,14970.36466011]
[1510693200000,6598,6590,6608.8,6511.3,3961.8940396]
[1510682400000,6500,6598,6635,6471,6628.54660483]
[1510671600000,6477.1,6500,6559.8,6399.1,6780.43104984]
[1510660800000,6414.9,6477.2,6477.2,6301,8849.28764393]
[1510650000000,6456.2,6414.8,6578,6400.1,4374.2391804]
[1510639200000,6526.8,6456.2,6596.3,6417,4140.95792843]
[1510628400000,6612.8,6525.3,6689.5,6480.1,6284.43082466]
[1510617600000,6476.6,6612.9,6649,6475.3,8462.97301878]
[1510606800000,6328.9,6476.5,6517.2,6311.1,10423.3586266]
[1510596000000,6362.7,6329.5,6485.1,6185.2,14374.32365556]
[1510585200000,6423.7,6357,6596.9,6300.5,11887.03960518]
[1510574400000,6430,6420,6682,6380.5,22532.51430934]
[1510563600000,6197.4,6430,6497,6197.3,14709.12766545]
[1510552800000,6209.6,6197.3,6300,6134.5,9628.03332789]
[1510542000000,5897.5,6209.1,6279,5876.4,16875.79100467]
[1510531200000,5810,5898.7,6012.1,5780,10013.43489999]
[1510520400000,5928.1,5810.7,5950,5550.7,20221.72496665]
[1510509600000,6062.6,5928.1,6197,5902,12352.16964611]
[1510498800000,6053.7,6057,6300,6037.1,12585.5956505]
[1510488000000,6325.5,6050,6337.9,5921,17989.24830247]
[1510477200000,6120,6325.5,6469.6,5886.7,21731.10777637]
[1510466400000,5796.2,6109.5,6396,5400.2,51420.2477687]
[1510455600000,6140.7,5797,6166.1,5652,27405.96608699]
[1510444800000,6299,6140.7,6309.5,6125,9006.41086207]
[1510434000000,6426.3,6302.7,6489.9,6230.6,8708.74405637]
[1510423200000,6330,6426.3,6430,6163.2,13546.09314162]
[1510412400000,6383.3,6330,6469,6270.1,9746.59188068]
[1510401600000,6434,6383.7,6515,6230,18877.47729375]
[1510390800000,6708.1,6434.1,6713,6434,6776.94054495]
[1510380000000,6630,6708.4,6725,6517.3,4087.36950489]
[1510369200000,6738,6629.9,6760,6610.5,4145.59059414]
[1510358400000,6545,6738,6789,6523.2,6952.47893357]
[1510347600000,6430.3,6541.2,6718.8,6430.1,11186.15126601]
[1510336800000,6716,6433.5,6716.1,6405,19470.55399144]
[1510326000000,6715.1,6716,6899,6624,11799.3081602]
[1510315200000,6842,6719,6921,6671,17889.21072817]
[1510304400000,7170,6842,7202.6,6796,14265.66105229]
[1510293600000,7174.9,7169.9,7249.8,7130.6,3728.76431929]
[1510282800000,7222.7,7175,7281.9,7173.4,3398.0842749]
[1510272000000,7126.4,7220,7324,7106.9,6678.73931996]
[1510261200000,7146.9,7126.4,7164.9,7033,5628.70149117]
[1510250400000,7162.6,7147.1,7226.7,7105,4405.89446853]
[1510239600000,7209.8,7163.8,7232.9,7104.3,3805.55151447]
[1510228800000,7100.1,7209.7,7229,7000,7709.29983462]
[1510218000000,7228,7100.1,7259,7045,8251.76756413]
[1510207200000,7384.3,7228.5,7400,7150.1,7253.3270361]
[1510196400000,7371.5,7384.3,7450,7275.5,6676.05280461]
[1510185600000,7446,7371.5,7450,7272.5,6408.92842022]
[1510174800000,7265.1,7446.1,7492.1,7210.2,9667.13107406]
[1510164000000,7700.5,7261.2,7792,6977.4,36789.49262042]
[1510153200000,7500,7700.5,7899.9,7425,23123.55869364]
[1510142400000,7430,7500,7541.1,7425,6765.29064815]
[1510131600000,7363.7,7430,7480,7333.9,4107.73869054]
[1510120800000,7387.2,7363.6,7420,7310,3849.99873674]
[1510110000000,7306.2,7387.2,7394.1,7271.1,4325.04630718]
[1510099200000,7102.1,7304.3,7350,7045,8674.91827374]
[1510088400000,7020,7102,7120.9,6999,3395.94489466]
[1510077600000,7081.1,7020,7136.9,6984,5626.20198485]
[1510066800000,7000.2,7081.1,7114.5,6960,4814.36012277]
[1510056000000,7166.7,7000.2,7220,6948,8804.65048686]
[1510045200000,7189.1,7166.7,7190.3,7101.5,2464.7275541]
[1510034400000,7109,7189.1,7200.7,7081.3,2755.35921156]
[1510023600000,7072.9,7110,7210,7072.9,4408.10416958]
[1510012800000,6955.2,7073,7119,6955,5270.27592106]
[1510002000000,7107.6,6956.5,7153,6911,7244.24461191]
[1509991200000,7097,7108.3,7130,6951,9605.17882084]
[1509980400000,7282.9,7097,7282.9,7030,12383.41338905]
[1509969600000,7328.6,7283.3,7440,7218,6343.84381466]
[1509958800000,7331.2,7327.3,7360.1,7241.5,4282.62224354]
[1509948000000,7289.2,7331.2,7382,7235.1,6035.15811422]
[1509937200000,7325,7289.2,7325,7090,12698.1728524]
[1509926400000,7365.6,7325,7400,7287,4672.85810513]
[1509915600000,7523.2,7366.7,7536.8,7277,12491.2084322]
[1509904800000,7497.3,7523.2,7575,7487.3,3628.86231774]
[1509894000000,7533.9,7497.2,7572,7464,3872.53389641]
[1509883200000,7541.6,7532.9,7598,7460,7563.58808928]
[1509872400000,7432,7541.5,7590,7390,7772.23545697]
[1509861600000,7441.4,7432,7484,7316.4,4052.2934632]
[1509850800000,7353.9,7441.3,7464.1,7312.6,2501.10734034]
[1509840000000,7370,7352,7408.8,7272,4418.12595192]
[1509829200000,7460.6,7369.9,7490,7324.7,4555.42593765]
[1509818400000,7330.9,7460.6,7530,7309.1,7566.17098962]
[1509807600000,7302.1,7330.9,7419,7285,6723.68428745]
[1509796800000,7092,7303.3,7362,7091.9,9203.06843066]
[1509786000000,7127.1,7092,7169.8,7058.2,3278.64945247]
[1509775200000,7139.9,7131.9,7235,7086.8,3199.37296808]
[1509764400000,7095.7,7138,7245.2,7091.2,3786.84481706]
[1509753600000,7132,7095.8,7180.8,6930.1,10284.85518797]
[1509742800000,7208.4,7132,7218.9,7043.4,8669.4481757]
[1509732000000,7271.6,7207.1,7327.6,7177.1,4303.92327899]
[1509721200000,7265,7271.7,7348.4,7217.4,5414.64720889]
[1509710400000,7302.3,7265,7312.2,7100.1,9708.13761628]
[1509699600000,7389.9,7299.7,7448,7219.6,11571.67135356]
[1509688800000,7220.1,7390,7399.9,7170.7,9063.93028431]
[1509678000000,7031.8,7221,7283.7,7030.1,10117.60656319]
[1509667200000,7018.8,7031.8,7043.5,6917,4089.84993633]
[1509656400000,7041.8,7018.8,7087.5,6987.7,3985.83495408]
[1509645600000,6972,7041.8,7119,6820,8789.80463148]
[1509634800000,7000,6972,7109.4,6864,7493.03337716]
[1509624000000,6954.2,6999.9,7171,6765,19451.2966759]
[1509613200000,6949.7,6950,7350,6753,29672.35075165]
[1509602400000,6835.1,6949.8,6949.8,6831.4,8777.36186508]
[1509591600000,6791.2,6838,6879.9,6765,4908.14800956]
[1509580800000,6739.2,6791.3,6886.8,6707.3,14259.37045722]
[1509570000000,6558.8,6739.6,6739.9,6556.1,7307.23213135]
[1509559200000,6587.5,6558.6,6617.2,6502.1,4947.7427925]
[1509548400000,6543.2,6589.7,6619.9,6505.8,8903.05532967]
[1509537600000,6562.4,6543.2,6566.2,6441,9759.81104516]
[1509526800000,6439.4,6562.2,6592.8,6435.3,11139.73921037]
[1509516000000,6385.2,6439.6,6451.6,6360,4295.76528383]
[1509505200000,6425.7,6387.6,6450,6344.5,6335.37678696]
[1509494400000,6455,6425.8,6455,6368,4515.06476197]
[1509483600000,6375.8,6455.1,6481.5,6365,4512.72238148]
[1509472800000,6360.8,6375.7,6379.9,6283,4817.76793234]
[1509462000000,6363.6,6360.9,6431,6312,8490.23648467]
[1509451200000,6245,6363.5,6450,6186.1,11595.98468971]
[1509440400000,6127,6245.4,6249,6127,4065.85881139]
[1509429600000,6161.2,6126.9,6165.7,6082.5,2074.26438661]
[1509418800000,6125.2,6161.2,6175.9,6120,1359.97907795]
[1509408000000,6127.9,6125,6170.1,6120.1,1904.29542941]
[1509397200000,6106.3,6130,6149,6083.6,1720.93263361]
[1509386400000,6111.9,6106.6,6150,6059.3,2870.589548]
[1509375600000,6076,6111.8,6111.9,6006.2,4637.87289958]
[1509364800000,6166,6076.2,6193.8,6017.6,7179.46662325]
[1509354000000,6153.4,6166,6239,6146.9,4639.55567312]
[1509343200000,6128.9,6153.4,6203.9,6111,3381.10591482]
[1509332400000,6127.1,6129,6200,6100.1,4168.75040648]
[1509321600000,6150,6127.2,6172.2,6103,4619.13094096]
[1509310800000,6202.5,6150,6250,6150,9039.62080772]
[1509300000000,5950.3,6201,6345,5950.3,19298.4697197]
[1509289200000,5807.1,5950.3,6080,5804.2,14240.28812053]
[1509278400000,5800.9,5807.1,5815,5759.1,4017.75328566]
[1509267600000,5810.4,5800,5849.2,5760,5848.43088367]
[1509256800000,5766.2,5808.2,5862.3,5743.3,4840.9718995]
[1509246000000,5689.9,5766.1,5775,5689.9,2650.96962034]
[1509235200000,5719.7,5690,5719.7,5660,2031.32249616]
[1509224400000,5722.2,5720.3,5749,5689.3,1729.8891435]
[1509213600000,5718.3,5720.8,5785,5700.3,3248.28086074]
[1509202800000,5682.4,5718.3,5729.9,5647.9,2081.28364623]
[1509192000000,5673.5,5682.8,5729.9,5632.2,3957.35142397]
[1509181200000,5752.9,5673.8,5767.6,5632,5680.2090642]
[1509170400000,5766.5,5752.8,5786.2,5734.6,1526.02997411]
[1509159600000,5734.4,5765.6,5800,5693.2,4132.69797651]
[1509148800000,5759.8,5734.5,5864,5731,4307.32950081]
[1509138000000,5736.7,5759.7,5790,5720.1,2118.3642684]
[1509127200000,5719.9,5736.6,5770,5681,4975.69856579]
[1509116400000,5750.1,5720,5808.8,5710.3,3482.06752106]
[1509105600000,5828.5,5750.1,5832.4,5685,8540.51070891]
[1509094800000,5879.7,5825.2,5925.5,5813.4,4025.58602486]
[1509084000000,5812.7,5879.7,5886.5,5773,3834.0312418]
[1509073200000,5925.1,5812.7,5934.9,5789,5617.92769032]
[1509062400000,5889.9,5925,6020,5881,7118.54773959]
[1509051600000,5852.4,5890,5919,5781.3,5424.65785131]
[1509040800000,5951.3,5850,5951.4,5808.9,7138.82807721]
[1509030000000,5917.6,5951.3,5958,5898.4,3658.46676206]
[1509019200000,5880.9,5917.7,5966.6,5870,10213.84484298]
[1509008400000,5709.6,5880.9,5881,5690.1,7361.10722296]
[1508997600000,5720.7,5709.7,5735,5680,2370.3853246]
[1508986800000,5726.5,5720.7,5778,5697.1,3465.38806575]
[1508976000000,5724.2,5726.5,5747,5667.5,3091.60286166]
[1508965200000,5667.9,5724.1,5746.9,5617.1,5857.25125361]
[1508954400000,5505.1,5668,5675,5501.1,6052.86746952]
[1508943600000,5477,5504.4,5549,5400,5767.87427105]
[1508932800000,5512.9,5477.1,5538,5417.1,4260.36014668]
[1508922000000,5595,5513.2,5618.4,5466.8,4986.29456933]
[1508911200000,5483.4,5594.9,5629.9,5464.4,4740.12738534]
[1508900400000,5388,5483.3,5568,5382,6155.84941532]
[1508889600000,5510,5382.7,5520.2,5365.3,7004.72458734]
[1508878800000,5580,5510,5585.4,5457.4,9349.09649667]
[1508868000000,5694.7,5580,5717.4,5550,5302.33267805]
[1508857200000,5636.8,5694.7,5733,5603.3,5207.88710955]
[1508846400000,5700.3,5636.8,5700.3,5550,6492.07355531]
[1508835600000,5694.6,5700.2,5720,5590.4,4923.89484232]
[1508824800000,5719.4,5694.7,5786.3,5660.4,6369.22918856]
[1508814000000,5613,5719.4,5722.9,5572.6,5984.70604436]
[1508803200000,5907.3,5616.4,5907.3,5537,20395.64711698]
[1508792400000,5923.1,5907.3,5940,5790,8947.47542347]
[1508781600000,5843.9,5923.1,6007.8,5763.8,10483.52988569]
[1508770800000,5698,5844,5902,5670.1,11096.60052896]
[1508760000000,5875.4,5697.7,5880,5621,14861.70728974]
[1508749200000,5799.7,5875.3,5907.8,5750,5519.96105261]
[1508738400000,5950.5,5799.7,5950.5,5769.4,8934.75251445]
[1508727600000,5967.1,5951.5,6055,5914.1,4251.47441864]
[1508716800000,5982.4,5967,6015,5907.4,2961.45239929]
[1508706000000,5824.7,5981.3,6020.4,5824.3,5134.39583758]
[1508695200000,5958.9,5824.8,5968.9,5815.2,5346.26027297]
[1508684400000,5972.1,5958,6026.3,5900.1,5374.23039001]
[1508673600000,5803.7,5973.1,5985.8,5759.9,5933.78968421]
[1508662800000,5911.9,5804.5,5913,5705,7100.08784186]
[1508652000000,5850,5911.9,5932.9,5777.3,4058.44904248]
[1508641200000,5930,5850,5983.8,5733.3,11862.23646425]
[1508630400000,6005.9,5929.9,6075,5919.2,5763.31572977]
[1508619600000,6089.9,6005.1,6109,5980,3495.41691558]
[1508608800000,5995.7,6089.3,6110,5957.5,5118.37241732]
[1508598000000,6111.7,5994.7,6166.8,5862.8,13597.84658024]
[1508587200000,6113,6111.7,6199.9,6058.1,10071.4321152]
[1508576400000,6071.3,6112.9,6140,6060,4113.02449284]
[1508565600000,6077.9,6070,6120,6025.6,4570.64423349]
[1508554800000,6065,6078.1,6151,6020.2,6951.37135717]
[1508544000000,5983.7,6064.9,6099,5945.5,5569.87964825]
[1508533200000,5975.5,5983.8,6014,5923.5,4897.60919113]
[1508522400000,5979.9,5975.3,6088.4,5945,11255.2806073]
[1508511600000,5927.6,5979.9,6054.9,5912.1,21406.32673237]
[1508500800000,5641.9,5925.5,5976.7,5630.2,14812.55633871]
[1508490000000,5649.6,5641.1,5673.1,5620.6,1809.81816836]
[1508479200000,5667.4,5651.3,5684.6,5603.3,2846.09456011]
[1508468400000,5672.2,5667.4,5724.9,5640,3116.51622459]
[1508457600000,5694.1,5672.9,5718.9,5656.5,1633.09410411]
[1508446800000,5707,5694.2,5735.5,5680,2264.79146102]
[1508436000000,5665.1,5707,5715.8,5608.3,3785.91203049]
[1508425200000,5711.9,5665,5729.3,5581,5787.19315569]
[1508414400000,5681.2,5711.8,5744,5635.2,5464.25680216]
[1508403600000,5617.5,5680.6,5725,5600,7705.64301173]
[1508392800000,5585.3,5617.4,5650,5532.1,4000.68655467]
[1508382000000,5596,5585.3,5680,5585,3802.67714167]
[1508371200000,5568.1,5598.9,5647,5505.5,5227.4091404]
[1508360400000,5507.4,5567,5594.8,5462.9,5923.85298776]
[1508349600000,5365.8,5507.4,5515,5355.2,5360.5167663]
[1508338800000,5207.1,5365.6,5425,5171,11332.61595716]
[1508328000000,5302,5207.1,5340,5114,12430.75350217]
[1508317200000,5346.1,5302.1,5398.3,5222,7941.98559013]
[1508306400000,5496,5346.1,5496,5210,14183.65594249]
[1508295600000,5481,5496,5558.2,5451,4581.0777372]
[1508284800000,5597.2,5480.9,5597.9,5446.9,7291.41203845]
[1508274000000,5575.1,5597.1,5613,5554.7,2380.55624817]
[1508263200000,5609.7,5575.1,5647.4,5550,2899.80826327]
[1508252400000,5565,5611.2,5641.8,5554.8,3451.50366458]
[1508241600000,5559,5565,5606.7,5511,5413.01503152]
[1508230800000,5674,5559,5679,5520,5465.38977925]
[1508220000000,5600,5672,5679.4,5599.3,3302.27372053]
[1508209200000,5632.5,5600,5660,5585.4,2342.60149609]
[1508198400000,5764.7,5630.1,5779,5577,6651.00176984]
[1508187600000,5696.4,5764.8,5810,5680,4285.71570303]
[1508176800000,5692.6,5696.4,5750,5671.1,3386.25431635]
[1508166000000,5704.9,5693,5716.1,5641,3885.51083816]
[1508155200000,5751.9,5705,5766,5680,3254.32398819]
[1508144400000,5610.5,5751.9,5771,5570,5678.84567125]
[1508133600000,5666.3,5610.5,5671.5,5575,3475.96354043]
[1508122800000,5680.1,5666.2,5698.4,5600.1,3910.21498164]
[1508112000000,5712.1,5680,5740,5654.6,3533.60523301]
[1508101200000,5520,5713.9,5750,5492.1,11164.50778365]
[1508090400000,5506.4,5520,5537.5,5470,3502.88550439]
[1508079600000,5559.9,5506.4,5584,5467.5,4773.76063588]
[1508068800000,5450,5559.3,5570,5450,5403.36721952]
[1508058000000,5579.9,5450,5598,5450,14209.87683267]
[1508047200000,5800,5579.5,5827.6,5525.5,10603.21947382]
[1508036400000,5873.5,5800,5874.7,5737.1,4115.09857932]
[1508025600000,5834.9,5870.2,5877,5803.5,3703.0237452]
[1508014800000,5700.1,5833.5,5857.4,5693,4979.58731625]
[1508004000000,5757.9,5700,5762.9,5676,3791.79832444]
[1507993200000,5743.5,5758.1,5784.8,5710.6,4570.49379887]
[1507982400000,5706.8,5743.5,5773.9,5630,6223.27806985]
[1507971600000,5643.2,5705.1,5780,5590,6888.23903512]
[1507960800000,5610.3,5642.6,5663.9,5564.3,3214.52485613]
[1507950000000,5674.6,5610.2,5712.6,5588.6,3279.12437904]
[1507939200000,5636.8,5674.7,5710.6,5585.1,3863.93940591]
[1507928400000,5631.3,5636.8,5653.9,5530,4323.39302889]
[1507917600000,5721.3,5634.4,5721.3,5500,14078.515823]
[1507906800000,5774.8,5721.2,5790,5690,7148.50260113]
[1507896000000,5653.4,5773.9,5829.8,5551.9,10953.50863101]
[1507885200000,5674.2,5653.4,5756.9,5590,8699.47907401]
[1507874400000,5523.1,5674.2,5746.8,5444,12269.6556039]
[1507863600000,5652.7,5523.3,5855.8,5410,18624.98628163]
[1507852800000,5440,5660.2,5920,5369.4,23012.58348827]
[1507842000000,5322,5440,5445,5268.7,6524.08067947]
[1507831200000,5284.5,5321.9,5375,5250.1,7881.19605645]
[1507820400000,5216.9,5284.5,5419.8,5216.9,16767.04655767]
[1507809600000,5186.4,5216.9,5250,5183,7279.57912231]
[1507798800000,5140.4,5187,5269,5101.5,14230.62157961]
[1507788000000,4910.2,5139.2,5219.1,4892.5,19296.24898079]
[1507777200000,4861.3,4910.3,4919.3,4836.2,3922.37623787]
[1507766400000,4824.9,4861.4,4871.3,4815,3601.70571876]
[1507755600000,4829.5,4824.9,4841.8,4784.6,2856.87061445]
[1507744800000,4840,4829,4881.4,4820,3235.61543229]
[1507734000000,4777.2,4840,4862.8,4777.2,4926.29655849]
[1507723200000,4792.7,4777.3,4805.94793595,4750.1,3493.79168149]
[1507712400000,4814,4793.5,4840,4788.9,3011.35819047]
[1507701600000,4757.5,4814,4828.7,4757.3,2788.8330777]
[1507690800000,4782.3,4757.5,4785,4715,3212.98304999]
[1507680000000,4777.1,4782.3,4800,4734.4,5382.37736772]
[1507669200000,4891.2,4777.7,4899.7,4716.4,8324.27214493]
[1507658400000,4899.9,4893,4940,4861,5614.23698084]
[1507647600000,4798.8,4900,4919.5,4797.1,7764.63237963]
[1507636800000,4805.1,4797.2,4857.4,4786.2,3672.2286697]
[1507626000000,4792.8,4805.9,4850,4760,5171.06699412]
[1507615200000,4842.8,4793.1,4865.8,4757.6,3730.44765064]
[1507604400000,4826.8,4842.8,4843.3,4770,2819.59138508]
[1507593600000,4782.3,4827,4893.9,4782.2,5604.89725093]
[1507582800000,4849,4782.3,4850,4732,6155.9824515]
[1507572000000,4715.5,4845.9,4879.8,4682.2,19613.86771507]
[1507561200000,4666.2,4715.3,4723.1,4633.3,6288.4122013]
[1507550400000,4604.7,4667,4672.4,4585,4481.41945759]
[1507539600000,4575.3,4603,4619,4568.6,2703.44964904]
[1507528800000,4603.8,4575.4,4607.1,4551,3264.7120815]
[1507518000000,4617,4603.8,4635,4585,4195.30821602]
[1507507200000,4611.8,4617,4632,4575,2224.94591932]
[1507496400000,4590.1,4611.9,4632.4,4575,4086.83290084]
[1507485600000,4578,4590,4624,4541.6,4777.72645795]
[1507474800000,4533.5,4578,4587.6,4533.2,4092.81910216]
[1507464000000,4466.8,4534.3,4560,4465,5934.25837991]
[1507453200000,4460.3,4466.2,4490,4449.8,2291.17117861]
[1507442400000,4438.7,4460.1,4470,4435,3310.98174554]
[1507431600000,4435.1,4438,4445.7,4417.1,1495.41792935]
[1507420800000,4435.9,4435.1,4490,4416.3,3845.17720366]
[1507410000000,4343,4435.6,4505,4335.2,8728.4875067]
[1507399200000,4360,4343.5,4360,4334,881.28067187]
[1507388400000,4346.7,4359.6,4362,4324.6,1406.97380695]
[1507377600000,4327.4,4346.7,4369,4319.5,1827.12502035]
[1507366800000,4346.1,4327.6,4350,4309,1086.69025739]
[1507356000000,4376.5,4347.7,4377.1,4330,1540.57254163]
[1507345200000,4364.9,4376.4,4381,4360,575.5546732]
[1507334400000,4370,4365.1,4393.2,4360,1377.20151074]
[1507323600000,4332.9,4370,4380,4331.5,1347.83713795]
[1507312800000,4340,4332.8,4359.9,4310,2310.97557919]
[1507302000000,4385.3,4340,4405.7,4325.2,6864.8748636]
[1507291200000,4399.6,4386.7,4408.8,4345,2958.07663555]
[1507280400000,4409,4399.6,4425.8,4390.1,3184.06925372]
[1507269600000,4391,4409,4418,4375,3897.2373995]
[1507258800000,4320.6,4391.8,4394.8,4315,2863.18619281]
[1507248000000,4311.9,4320.6,4342,4282.2,2505.64095882]
[1507237200000,4347.8,4312,4372.3,4292.5,2802.59795675]
[1507226400000,4298.2,4347.9,4364.1,4298.1,3364.26134515]
[1507215600000,4301.2,4299.6,4339.1,4287.8,2903.73210189]
[1507204800000,4239.3,4301.2,4324.9,4239.3,4852.64946642]
[1507194000000,4140.3,4239.4,4259,4140.2,4405.68285712]
[1507183200000,4148,4140.2,4167.6,4133,1533.18066163]
[1507172400000,4228.6,4148,4230,4133,3377.10709624]
[1507161600000,4215.9,4228.6,4249.8,4206.1,2129.20349643]
[1507150800000,4200,4215.9,4225,4195.2,1997.90187828]
[1507140000000,4206.6,4200,4211,4177,2130.54024867]
[1507129200000,4198.1,4205.1,4234.8,4184.6,4373.90888553]
[1507118400000,4253.9,4198.1,4255,4174.3,6368.35590629]
[1507107600000,4281.2,4250.2,4291.4,4218.3,4050.19196231]
[1507096800000,4340.5,4281.2,4359.2,4265.1,3852.74114627]
[1507086000000,4293.8,4340.7,4349.1,4292.1,2296.67098992]
[1507075200000,4309.6,4293.8,4319,4282.9,1300.64798706]
[1507064400000,4281.8,4310.6,4326.4,4264.7,2005.21626352]
[1507053600000,4287,4282.6,4298,4252.1,1762.00306026]
[1507042800000,4274.7,4286.7,4308,4264.1,1894.12153653]
[1507032000000,4298,4274.8,4302.2,4210.1,4648.55896826]
[1507021200000,4320.3,4298,4326,4230,4586.77917596]
[1507010400000,4304.3,4320.3,4333.1,4255,6800.02350252]
[1506999600000,4414.9,4300.2,4429.6,4286.6,3766.09402365]
[1506988800000,4400.2,4414.8,4439.9,4380,3079.36027647]
[1506978000000,4405.7,4400.2,4408.1,4370.1,1873.3826076]
[1506967200000,4381.9,4405.7,4426,4359,3325.88791453]
[1506956400000,4429.2,4381.9,4429.2,4365,3561.06004931]
[1506945600000,4395.2,4429,4444.8,4375,4687.38090033]
[1506934800000,4459,4395.2,4482,4395,4845.64252083]
[1506924000000,4455,4458.9,4462,4425,3527.68048147]
[1506913200000,4417.7,4455,4455,4392.8,2799.32690387]
[1506902400000,4404.3,4417.4,4438,4389.8,4450.98345385]
[1506891600000,4355.7,4404.3,4424,4353,8277.17890273]
[1506880800000,4305.2,4355.9,4377.9,4297.6,2042.84332159]
[1506870000000,4290.9,4305.2,4325,4276.9,2260.97994044]
[1506859200000,4312.1,4290.2,4312.1,4248.6,4458.13938952]
[1506848400000,4316.3,4312.1,4335,4310,1614.07597029]
[1506837600000,4316.1,4316.7,4342.8,4294.8,2113.98415913]
[1506826800000,4290,4317.9,4330,4284.2,2414.82205389]
[1506816000000,4367.1,4290,4394,4275,6047.53590202]
[1506805200000,4360.3,4367.1,4372,4336.7,2321.30117047]
[1506794400000,4331.8,4360.2,4397,4315.6,6086.60582746]
[1506783600000,4335.1,4331.8,4369,4299.9,5662.70692028]
[1506772800000,4302.7,4335,4337.8,4293,2979.87152495]
[1506762000000,4295,4302.5,4340,4267.2,4000.17975279]
[1506751200000,4250,4295,4326.1,4248.7,5641.29828582]
[1506740400000,4235.1,4250,4250,4203.8,1296.37435969]
[1506729600000,4167.6,4235.1,4255.1,4160,3510.43225519]
[1506718800000,4182.7,4168,4200,4140,1769.75805616]
[1506708000000,4180.1,4182.6,4213.7,4170,2271.90392863]
[1506697200000,4184.6,4182.7,4241,4150,3779.46617262]
[1506686400000,4204.6,4184.6,4245,4175,5106.50413849]
[1506675600000,4124,4204.5,4218.5,4095.9,4681.01910916]
[1506664800000,4036.6,4124,4140.1,4034.1,5287.57930693]
[1506654000000,4087.1,4035.5,4125,4024.4,9624.54296059]
[1506643200000,4190,4087.2,4207.6,4066,6420.99275835]
[1506632400000,4176.1,4190,4215,4171,2273.92597853]
[1506621600000,4183,4178.1,4188.9,4135.4,2572.07159273]
[1506610800000,4146.9,4183.1,4228,4125,4386.87315997]
[1506600000000,4194,4146.9,4222.4,4120,6522.64622699]
[1506589200000,4261.6,4194,4267.6,4164,5687.33160797]
[1506578400000,4236.4,4261.9,4269,4210,3675.79672884]
[1506567600000,4167.2,4238.7,4267.7,4155.4,6871.00576238]
[1506556800000,4207.5,4168.7,4216,4145,4585.63102134]
[1506546000000,4164.8,4209.7,4229.5,4149.1,8058.61520139]
[1506535200000,4101.5,4164.8,4203.2,4096,9180.19356077]
[1506524400000,4108.4,4096.1,4108.4,4069.7,3400.06831162]
[1506513600000,4092.4,4107,4115.4,4030.8,7844.05697697]
[1506502800000,3943.4,4092.4,4112,3939.4,12831.4642488]
[1506492000000,3954,3943.4,3970,3929.9,2176.18820673]
[1506481200000,3913.5,3953.5,3962,3908.5,3983.1197782]
[1506470400000,3881.7,3913.2,3924,3876.7,1151.16292273]
[1506459600000,3918,3881.5,3934.8,3860.7,1853.04181414]
[1506448800000,3908,3918,3927.2,3894.1,1379.51789516]
[1506438000000,3940.9,3909.9,3940.9,3888.1,2681.23887659]
[1506427200000,3966,3941,3985,3935,3743.91716845]
[1506416400000,3923.7,3966.1,3966.1,3883.4,3106.93146634]
[1506405600000,3851,3923,3938.4,3851,2565.40766034]
[1506394800000,3945.5,3851,3947,3838,4167.6130186]
[1506384000000,3930,3946.4,3950.1,3930,1903.5473095]
[1506373200000,3934.3,3930.1,3967,3911,2900.17111603]
[1506362400000,3902.1,3937.3,3961,3890,2805.14548794]
[1506351600000,3917.8,3902.7,3977,3879.8,9008.13945934]
[1506340800000,3758.81054998,3917.7,3948.3,3752.3,12292.71846387]
[1506330000000,3759.8,3758.81054998,3785.7,3745.3,2593.2129867]
[1506319200000,3769.2,3759.6,3792.6,3742.2,2465.72705332]
[1506308400000,3748,3769.9,3818.3,3740.6,3698.80937786]
[1506297600000,3654.4,3748.8,3788,3653.7,4393.93836079]
[1506286800000,3655.8,3654.7,3688.2,3652,1425.04465279]
[1506276000000,3680,3655.8,3686.4,3638.1,2858.33260242]
[1506265200000,3689.3,3681.9,3714.9,3669.5,1464.00514215]
[1506254400000,3677.2,3689.5,3739,3662.3,3222.41295345]
[1506243600000,3659.4,3677.6,3689.4,3635.2,2099.96625527]
[1506232800000,3694.3,3659.4,3705,3615.5,3555.35521558]
[1506222000000,3767.9,3693.2,3783,3643,4100.36497143]
[1506211200000,3779.3,3767.4,3779.6,3730,2157.81220874]
[1506200400000,3770.5,3779.6,3785.7,3725,2051.63657306]
[1506189600000,3740,3770.5,3779,3735.8,1488.88178998]
[1506178800000,3765.3,3737.6,3772.1,3691.5,3394.73989824]
[1506168000000,3799.9,3765.2,3808.7,3730.2,4276.81668999]
[1506157200000,3722.2,3799.9,3799.9,3697,4668.53357466]
[1506146400000,3683.2,3724,3741,3673.02969617,3612.28008851]
[1506135600000,3628.8,3684.6,3714.2,3604.5,4115.00912022]
[1506124800000,3597.9,3628.9,3640,3555,2032.19523665]
[1506114000000,3604.5,3602.3,3650,3574,4999.33328746]
[1506103200000,3538.5,3601.4,3616.8,3530,3922.13869949]
[1506092400000,3585.3,3538.6,3610,3490,11435.81372628]
[1506081600000,3538.2,3585.1,3628.4,3520,7461.62267569]
[1506070800000,3654.6,3539.3,3659.4,3530.6,7961.39260783]
[1506060000000,3705,3656.4,3740,3615.4,4636.31957567]
[1506049200000,3615,3708.2,3748,3615,5876.73407746]
[1506038400000,3600,3615,3680,3592.1,2941.75682458]
[1506027600000,3635.2,3596.7,3689,3580.1,6179.62388393]
[1506016800000,3667,3635.2,3712,3560,11860.00502519]
[1506006000000,3776.6,3668,3799.9,3640,17557.09185413]
[1505995200000,3854.2,3777,3873.6,3754.1,4138.26490739]
[1505984400000,3855,3853.3,3892.3,3817.2,3109.48959663]
[1505973600000,3866,3855,3899.9,3840.1,2238.21421956]
[1505962800000,3871,3865.9,3871.3,3793.6,3760.03816444]
[1505952000000,3874.8,3868.3,3905,3790.1,8101.48406973]
[1505941200000,3960.2,3872.4,3975,3840,5278.28765454]
[1505930400000,3999.8,3960,4029,3940,3482.43283888]
[1505919600000,4013.1,3999.7,4044.9,3978,3120.3685959]
[1505908800000,3910.2,4013.2,4049,3900.1,7991.81901379]
[1505898000000,3931.3,3910.1,3952.6,3885,2107.46219649]
[1505887200000,3892.8,3930.5,3974.5,3866.1,4135.01283299]
[1505876400000,3883.3,3892.3,3901,3829,4427.21991679]
[1505865600000,3892.6,3883.3,3930,3868.6,2698.95465961]
[1505854800000,3903.9,3892.2,3943,3880,3883.28575214]
[1505844000000,3982.8,3902.5,4018.8,3848.8,9498.55622219]
[1505833200000,3965,3982.9,4040,3951,4756.08789546]
[1505822400000,3988.5,3965.5,4030,3939.4,5020.01022627]
[1505811600000,3947.8,3988.5,4024.8,3924,4826.25675599]
[1505800800000,3893,3945.1,3981.7,3881.3,5227.47732998]
[1505790000000,3986.5,3899.9,4006.9,3836.2,5660.25206698]
[1505779200000,4084.3,3986.5,4114,3930.1,8877.65713905]
[1505768400000,3995.1,4084.4,4119,3991.5,6487.51303144]
[1505757600000,3987.4,3995.3,4029,3972,3229.35815832]]