[[1523030400000,6588.2,6586,6606.9,6585.9,253.31525336]
[1523026800000,6591,6587.23050703,6605,6560,910.12416497]
[1523023200000,6615.4,6590.9,6632,6585.1,1046.01991898]
[1523019600000,6604.2,6615.3,6640.1,6570,959.98772381]
[1523016000000,6609.8,6604.1,6614.0946614,6550,1171.49352922]
[1523012400000,6502.1,6609.8,6660,6500.2,2921.06280517]
[1523008800000,6575.4,6502.2,6593.6,6501,1495.11565792]
[1523005200000,6594.4,6575.3,6599,6545.8,955.09623542]
[1523001600000,6619.3,6594.6,6619.4,6564,1582.04759996]
[1522998000000,6577.1,6619.4,6671.07033639,6560.1,4381.50015331]
[1522994400000,6760,6578.3,6760.2,6501,8770.82102232]
[1522990800000,6786.4,6760,6864,6750,1788.33391319]
[1522987200000,6756.3,6786.4,6805,6746.6,1183.02780813]
[1522983600000,6765,6755,6781.7,6734.1,858.89198055]
[1522980000000,6792.1,6765,6820,6716.2,2040.8075711]
[1522976400000,6799,6792.1,6826.8,6750.9,1085.7434967]
[1522972800000,6770.4,6799.1,6845.4,6761,871.94483396]
[1522969200000,6823.20418315,6769,6850.9,6757.1,1134.15133989]
[1522965600000,6719.7,6823.20418315,6836.7,6719.6,1351.26695721]
[1522962000000,6749.6,6719.6,6749.9,6681,1041.44079308]
[1522958400000,6763.1,6749.5,6786.4,6730.2,734.69953427]
[1522954800000,6700.9,6763.1,6810,6694,1543.36622301]
[1522951200000,6692.6,6694.7,6761.8,6671.2,1084.14840121]
[1522947600000,6706.4,6692,6791.2,6666,1664.69364339]
[1522944000000,6739,6706.5,6763.9,6657,2059.73136449]
[1522940400000,6758,6739,6779.3,6700,1891.29163276]
[1522936800000,6836.9,6758.1,6912.8,6745.8,3002.09511934]
[1522933200000,6655.9,6836.8,6867.9,6621,3378.41480336]
[1522929600000,6781.8,6656,6787,6610.6,3696.09775628]
[1522926000000,6788.1,6781.8,6813,6752.9,1066.92750169]
[1522922400000,6842,6786.5,6842.1,6752.3,1551.58730286]
[1522918800000,6860,6842,6893.9,6829.2,1254.85450053]
[1522915200000,6788,6859.9,6938,6773.40430098,3103.1689831]
[1522911600000,6740.1,6788,6824.1,6703.4,1424.18816752]
[1522908000000,6848.9,6740.2,6865.5,6726.1,1555.0237402]
[1522904400000,6781.3,6849,6865.6,6760.6,1534.21571042]
[1522900800000,6762.6,6781,6870.8,6745,2080.2705768]
[1522897200000,6607,6763.3,6795,6587.6,2417.84610655]
[1522893600000,6608,6607,6652.9,6587.5,1865.16448635]
[1522890000000,6695,6606.79844228,6707.9,6564.9,3661.70983085]
[1522886400000,6785.9,6695,6819.91932173,6681.1,1755.6963492]
[1522882800000,6748.9,6786,6832.6,6709,1482.78239281]
[1522879200000,6816.3,6749,6820.2,6670,2184.32291886]
[1522875600000,6826.2,6816.3,6855.2,6754.7,1291.74478284]
[1522872000000,6855.5,6826.2,6899,6826.2,1001.72805558]
[1522868400000,6843.3,6855.6,6882.7,6763.4,1598.982067]
[1522864800000,6839.9,6845.4,6857.9,6725,3039.69121213]
[1522861200000,6887.6,6840,6887.8,6810.1,1348.15472736]
[1522857600000,6789,6885.3,6909.4,6789,2303.39223194]
[1522854000000,6869.4,6789,6910,6750,3793.74683223]
[1522850400000,7072.9,6869.4,7073.1,6840,6409.09272071]
[1522846800000,7061.2,7074.5,7110.2,7052.4,1312.99824029]
[1522843200000,7066.4,7061.2,7082.5,7010,1267.19580517]
[1522839600000,7099,7067.3,7103,7001,2001.8694136]
[1522836000000,7089.5,7099,7168,7029,3286.68068072]
[1522832400000,7310,7089.5,7310.1,7000.2,8479.58250277]
[1522828800000,7316.8,7310,7347.8,7281.9,1083.98017661]
[1522825200000,7347.9,7316.8,7384.44692145,7315.6,974.34087145]
[1522821600000,7358.7,7347.8,7377.81793362,7333.3,549.40081625]
[1522818000000,7307.7,7358.8,7395,7305.61191654,2179.39778664]
[1522814400000,7292,7307.6,7320.2,7269.5,1595.44306744]
[1522810800000,7283.7,7291.9,7345.7,7269.3,1095.49219583]
[1522807200000,7326.1,7283.6,7333.8,7253.3,2022.06792139]
[1522803600000,7398.1,7330,7408.8,7284,2642.78888736]
[1522800000000,7405.6,7397.2,7422,7370,773.95245099]
[1522796400000,7391.7,7405.6,7450,7361.7,1058.46558263]
[1522792800000,7427.1,7391.8,7427.2,7347,1308.01826537]
[1522789200000,7403.4,7427.1,7434.9,7375,1120.7711166]
[1522785600000,7465.70336219,7402.11120658,7488,7390,1501.44587668]
[1522782000000,7473.73960532,7465.8,7509.7,7450,2094.61691785]
[1522778400000,7428.3,7473.73960532,7493,7419,1894.75013856]
[1522774800000,7398.3,7428.3,7434,7370.4,1241.98456594]
[1522771200000,7382.3,7399.1,7458,7359.8,1874.17757432]
[1522767600000,7354.9,7382.3,7422,7340,1909.52004948]
[1522764000000,7337.0071711,7353.5,7366,7262.5,3209.59327165]
[1522760400000,7365,7337.0071711,7430.9,7296.4,2440.53777223]
[1522756800000,7307.8,7365.5,7379.4,7302.8,1086.08787241]
[1522753200000,7303.1,7308,7340,7284.1,1234.20608396]
[1522749600000,7361,7303,7394,7270.3,2411.82178903]
[1522746000000,7345.9,7360.9,7384.8,7322,1434.72111169]
[1522742400000,7393.4,7345.9,7404,7331,2052.32151595]
[1522738800000,7338.1,7393.5,7427,7314,2835.28048952]
[1522735200000,7334.4,7338,7365,7305,1959.38049676]
[1522731600000,7363.3,7333.9,7390,7280,3261.13042868]
[1522728000000,7182,7363.2,7385,7181.5,7067.81242851]
[1522724400000,7188.1,7180,7192,7140.2,1762.78323139]
[1522720800000,7033.4,7188.1,7198,7033,2541.97045084]
[1522717200000,7030.9,7033.5,7056.4,7020,581.49829631]
[1522713600000,7053.4,7027.1,7106.5,7019.9,1976.25163967]
[1522710000000,7030,7053.3,7068,7007.4,2045.10533045]
[1522706400000,6976.23775532,7030,7065,6975.7,1285.06150367]
[1522702800000,6941.3,6976.2,7021,6921,1743.0447222]
[1522699200000,6989.7,6941.2,6997,6891.9,2162.10909312]
[1522695600000,6970,6988.7,7014.7,6950,918.78711718]
[1522692000000,6984.6,6970,7010,6941.41992761,980.02730448]
[1522688400000,7017.1,6984.8,7017.1,6947,1083.31676481]
[1522684800000,7027.4,7017,7051.6,6982.76466098,1616.45696675]
[1522681200000,6918,7025.1,7060,6916.2,2054.15923691]
[1522677600000,7010,6917.8,7010.1,6884.5,1906.7842383]
[1522674000000,6996.7,7010,7043,6971,1096.19839276]
[1522670400000,7041.8,6996.6,7049,6981,1574.84727332]
[1522666800000,7061.8,7045,7119,7025.3,2423.69288939]
[1522663200000,7072.8,7061.8,7072.9,7010,1495.927187]
[1522659600000,7064.3,7074,7090.00358816,7033.9,1412.68243463]
[1522656000000,7070,7064.3,7104.3,7022.9,2495.63122658]
[1522652400000,6889.2,7070,7132,6872.3,4884.73477584]
[1522648800000,6904.9,6889.1,6958.2,6880.6,794.99248315]
[1522645200000,6885.9,6904.9,6928,6843.9,1051.74069469]
[1522641600000,6984.1,6885.5,7015.1,6877,1772.31052574]
[1522638000000,6978,6984,7025,6936.3,1187.00370686]
[1522634400000,6932.7,6974.4,6980,6914.9,1042.12111168]
[1522630800000,6999.8,6932.6,7014.8,6921,2606.45442498]
[1522627200000,6816.7,6999.2,7064,6769.4,5385.39815428]
[1522623600000,6808,6816.6,6830,6768,950.78909276]
[1522620000000,6825,6808,6858,6755.8,1546.91213428]
[1522616400000,6882.3,6825.1,6914.3,6798,1473.6025005]
[1522612800000,6900,6882.2,6950,6843,1442.47803665]
[1522609200000,6825.5,6900,6989,6807.9,4087.46952597]
[1522605600000,6829.7,6825.3,6857.3,6742,2335.45310125]
[1522602000000,6801.8,6829.8,6864.4,6772.3,2311.44482712]
[1522598400000,6440.1,6801.7,6874.7,6425.1,9469.26951638]
[1522594800000,6506.08995473,6443.2,6540,6438,1763.61236251]
[1522591200000,6544.1,6506,6544.2,6449.1,4814.00142213]
[1522587600000,6689.3,6544.1,6690,6511.1,3878.01822286]
[1522584000000,6689.9,6689.5,6735,6680,1135.60084155]
[1522580400000,6706,6689.9,6710,6638,1681.10085273]
[1522576800000,6747.8,6706.1,6750,6654,1231.25975489]
[1522573200000,6708.3,6745.9,6761.9,6615.7,3313.86704395]
[1522569600000,6710,6708,6737.1,6689.1,1490.03426078]
[1522566000000,6842.06892981,6710.1,6850,6666,4696.40195291]
[1522562400000,6925,6842,6927,6815.1,1978.7184458]
[1522558800000,6939,6925,6960.3,6906,847.4462428]
[1522555200000,6920,6940.31819448,6969.9,6917.7,622.08427828]
[1522551600000,6923.9,6919.9,6958.4,6891,821.75962298]
[1522548000000,6998.6,6923.4,7009.9,6883.7,886.83504344]
[1522544400000,6980.7,6998.7,7035.1,6975.9,682.90845058]
[1522540800000,6925.3,6980.8,7020,6925.3,1464.57952825]
[1522537200000,6951.8,6925.4,6966,6883,732.53099583]
[1522533600000,6921.7,6951.8,6985.2,6891.9,1014.54856253]
[1522530000000,6892.3,6924.5,7001.58530181,6810,2718.17718244]
[1522526400000,7049.9,6896,7063.2,6877,2690.48860187]
[1522522800000,7024,7049.9,7065.9,6970.8,1365.20990657]
[1522519200000,7111.1,7027.1,7127.8,7014.3,1413.16251736]
[1522515600000,7142.9,7111,7170,7052.6,2173.43062979]
[1522512000000,7049.9,7143.1,7170,7049.9,1883.25410462]
[1522508400000,7070.2,7050,7071.9,7018,906.89794797]
[1522504800000,7040.5,7070.2,7089,7001.2,1982.20772292]
[1522501200000,7190,7040.5,7190.1,7030,2507.78335159]
[1522497600000,7090.6,7190,7222,7053,12447.33896353]
[1522494000000,7109.1,7091,7149,7050,3766.50747607]
[1522490400000,7007,7109,7214,6967.1,11733.14918972]
[1522486800000,6894.3,7012,7025,6869.2,3003.54590119]
[1522483200000,6814.2,6894,6976,6814,2196.15997741]
[1522479600000,6807.6,6814.2,6842,6780.06217933,1507.15418783]
[1522476000000,6907.2,6807.8,6925.8,6781,2043.74067191]
[1522472400000,7018.3,6907.2,7018.4,6864,1530.50524713]
[1522468800000,6962.2,7018.9,7049,6947.7,873.87712752]
[1522465200000,7039,6962.2,7039.3,6950,2187.65865709]
[1522461600000,7071.2,7040.1,7105,6994,1977.66468781]
[1522458000000,6991.9,7070.3,7100.9,6941.1,2534.94804917]
[1522454400000,6840.4,6991.2,7043.2,6838,2834.10996914]
[1522450800000,6781.3,6840.4,6903.33603714,6754,1172.11112686]
[1522447200000,6910.5,6776.2,6910.5,6740,1660.52769649]
[1522443600000,6838.9,6910.5,6950,6825,1719.11492433]
[1522440000000,6809.7,6837.9,6922,6741,2398.9331138]
[1522436400000,6735,6809.7,6877.69507472,6730,3323.94784482]
[1522432800000,6716.5,6729,6749,6648.1,2745.43238887]
[1522429200000,6668.8,6716.5,6749,6592,6932.90825649]
[1522425600000,6791.7,6670,6877,6533,12642.56303437]
[1522422000000,6831.9,6791.52664811,6831.9,6657.77451239,7192.12335011]
[1522418400000,6878.3,6834.1,6939.9,6830,1670.4928839]
[1522414800000,7029.9,6878.3,7036.8,6825,2988.80330063]
[1522411200000,7013.8,7035.9,7035.9,6919.2,1700.7228888]
[1522407600000,6889.4,7013.9,7045.9,6888.1,2102.19909583]
[1522404000000,7022.8,6889.4,7080.29224091,6875,4091.3024693]
[1522400400000,7085.7,7022.8,7161.7,7022.7,1971.20883353]
[1522396800000,7208.5,7085.7,7269,7075,3858.3096382]
[1522393200000,7041.9,7208.4,7249.9,6961.7,4578.94184275]
[1522389600000,7120.6,7041.9,7188,6996,4154.55289158]
[1522386000000,6708.9,7120.9,7199.5,6705.8,8408.60545179]
[1522382400000,6863.8,6709,6870,6614.92978566,5553.83065468]
[1522378800000,6835,6863.6,6918,6799.3,4251.28506291]
[1522375200000,6883.5,6835,6932,6750,4753.44912436]
[1522371600000,6825,6882.2,6886.88686224,6657,10035.45577533]
[1522368000000,7094,6825,7179.6,6800,8302.53539764]
[1522364400000,7178.2,7094,7225,7054.8,3147.50381786]
[1522360800000,7084.8,7178.2,7350,7026,7926.53885456]
[1522357200000,7110,7083.9,7262.44123885,6883,16301.12874805]
[1522353600000,7343.8,7110.1,7362,7102.5,7172.62974997]
[1522350000000,7434.9,7343.9,7474.7,7324.7,1398.3348336]
[1522346400000,7433.5,7435,7463.3,7405,941.11814373]
[1522342800000,7493.9,7433.5,7512,7410,1035.48897509]
[1522339200000,7472.9,7493.8,7563.9,7470.4,2485.76811506]
[1522335600000,7401.9,7473,7477.6,7376,1784.63402858]
[1522332000000,7470.1,7401.9,7485,7326.4,4736.46858025]
[1522328400000,7500.1,7470,7535.6,7439.84276392,1494.05188423]
[1522324800000,7473.9,7500,7559.9,7467,1606.46459599]
[1522321200000,7476.9,7474,7502,7426.7,1997.32422818]
[1522317600000,7520,7476.8,7536.7,7419,2151.9731527]
[1522314000000,7542.5,7520.1,7572,7475,1401.46817414]
[1522310400000,7534,7544.7,7581.7,7466.6,2059.71789987]
[1522306800000,7614,7534.1,7617.9,7478,2825.19158289]
[1522303200000,7548.1423116,7613.9,7626,7516,2709.64631329]
[1522299600000,7583.7,7542,7667.25730936,7521,4037.55677887]
[1522296000000,7861.1,7583.9,7861.1,7580,7440.37146428]
[1522292400000,7895,7861.1,7895.1,7821,1009.69639236]
[1522288800000,7883.8,7895,7900,7848.7,636.41101423]
[1522285200000,7946.82091458,7883.77601041,7973,7866.2,699.98734247]
[1522281600000,7936.1,7946.82091458,7957.65569768,7905,417.85769472]
[1522278000000,7946.1,7936,7970.9,7909,399.59330609]
[1522274400000,7869.5,7948.3,8005,7861.8,1365.88020125]
[1522270800000,7892.6,7869.62308498,7920,7815.7,954.17313116]
[1522267200000,7897.2,7892.6,7948.5,7877,695.15747767]
[1522263600000,7939,7896.8,7944.4,7871.22367794,597.49384144]
[1522260000000,7920.9,7940,7946,7871.5,517.85214854]
[1522256400000,7877.50601617,7919.1,7941,7857.3,829.08335611]
[1522252800000,7859.2,7876.27129736,7925,7829.7,1254.8643782]
[1522249200000,7891.98145939,7859.3,7933.5,7762,2870.82077359]
[1522245600000,8033.8,7891.9,8037,7871,2419.95866398]
[1522242000000,8021.2,8033.9,8053.4,8007,1112.45438254]
[1522238400000,8043.4,8021.1,8074,8000.4,1780.82109254]
[1522234800000,8042.4,8043.4,8120.2,8016.2,2302.66844005]
[1522231200000,8086.4,8043.1,8110,8030.9,1830.4574496]
[1522227600000,7895,8086.4,8108,7894.9,4376.65915515]
[1522224000000,7869.9,7895,7910,7848,715.90082034]
[1522220400000,7895,7870.6,7945,7851.1,1388.29013747]
[1522216800000,7844.2,7895,7927.2,7842.7,905.03617477]
[1522213200000,7833,7844.3,7865.8,7806.9,566.13286786]
[1522209600000,7861.1,7832.9,7870.5,7812.9,814.8474547]
[1522206000000,7810,7861.2,7914.2,7809.9,1080.05081341]
[1522202400000,7813.8,7810,7835.8,7725,1441.19337706]
[1522198800000,7780,7813.8,7838,7761.3,1460.02396233]
[1522195200000,7784.7,7780,7826,7702.1,3397.28242614]
[1522191600000,7965.4,7784.6,7985.2,7756,3018.79414486]
[1522188000000,7994.7,7965.5,8002,7895,1366.00948768]
[1522184400000,7984.6,7994.9,8041,7961.4,968.94198329]
[1522180800000,7883.1,7980.1,8031.2,7862,1972.7983266]
[1522177200000,7881.2,7883,7901.5,7818,1097.59645199]
[1522173600000,7900,7882,7936.9,7830,1427.20773255]
[1522170000000,8088.1,7900,8104.5,7855.1,3059.26223021]
[1522166400000,8054.9,8088.1,8119.5,8044,1206.9923153]
[1522162800000,8051.4,8054.9,8135.1,8021,2693.66601832]
[1522159200000,8090,8049.9,8113,8013.1,2059.54173651]
[1522155600000,7935.9,8089.5,8120,7926.9,2398.72164291]
[1522152000000,7921.9,7935.8789893,7992,7866,1651.27484924]
[1522148400000,7987.3,7923.6,7998.38589521,7850,1551.72458288]
[1522144800000,7903.5,7987.2,8064.6,7903.5,1474.87572364]
[1522141200000,7933.8,7903.5,7979,7872,1218.76512699]
[1522137600000,7916.2,7930.1,8023.8,7811.1,2107.07781369]
[1522134000000,7959.9,7916.2,7976,7836,1737.77353557]
[1522130400000,7923.8,7959.8,8031.2,7869.9,2553.69605019]
[1522126800000,7759,7924,7938,7742.9,3318.80792043]
[1522123200000,7847.5,7756.7,7909.7,7716.6,3210.16495331]
[1522119600000,7840,7847.4,7909.8,7810,2297.73353057]
[1522116000000,8029.6,7840.0898629,8053.3,7800,4800.94677366]
[1522112400000,8184.2,8032.74217591,8199,8020,1542.62523322]
[1522108800000,8134,8183.9,8210,8128,1664.25721267]
[1522105200000,8175.1,8131.12312438,8277.8,8119,1858.93190602]
[1522101600000,7872,8175,8228,7863.1,6708.22873571]
[1522098000000,7883.1,7872,7927,7835.9,1283.14700261]
[1522094400000,7922,7881,7942.7,7842.1,1464.81293759]
[1522090800000,7896.1,7922,7959,7852.7,2114.97219213]
[1522087200000,7920.8,7895.9,7950,7873.05724659,1805.17101103]
[1522083600000,8079,7920.9,8079.1,7868,7572.49196786]
[1522080000000,8068,8079,8100,8045,1204.16167132]
[1522076400000,8080.2,8066.8,8115.7,8053.74137895,910.60962572]
[1522072800000,8092.3,8080.2,8133.9,8015.3,3236.06039167]
[1522069200000,8115.4,8090.1,8162.4,8070.6,1711.1326484]
[1522065600000,8095.9,8115.4,8153.69685056,8027,3420.70043867]
[1522062000000,8195,8095.9,8221.05418552,8030,7034.11800201]
[1522058400000,8292.7,8195,8339,8195,3230.97907948]
[1522054800000,8385.1,8292.8,8385.1,8250,4123.63646346]
[1522051200000,8405.94687564,8384,8427,8376,720.82689059]
[1522047600000,8435.1,8406.7,8440.1,8380.4,1153.95357461]
[1522044000000,8453.66744717,8435.1,8459.2,8423.4,549.8042746]
[1522040400000,8434.9,8455,8478,8433,515.55157758]
[1522036800000,8430.8,8434.4,8468.3,8420,541.52534401]
[1522033200000,8423.8,8430.8,8470,8416.2,941.06062923]
[1522029600000,8403.7,8423.8,8460.62844019,8400,877.92827323]
[1522026000000,8350.8,8403.7,8426.6,8350,1367.55179128]
[1522022400000,8445.1,8350.4,8499.1,8311,2045.22476522]
[1522018800000,8442.8,8445,8471,8373.9,2395.35526094]
[1522015200000,8614,8442.7,8657.9,8380,3279.87900748]
[1522011600000,8590.9,8612.3,8615.4,8571.1,398.46463398]
[1522008000000,8609.4,8591,8622.3,8525,842.94834604]
[1522004400000,8613,8608.9,8674.4,8570,927.64768608]
[1522000800000,8537.5,8613,8659.9,8537.5,1685.39477115]
[1521997200000,8537.6,8536.3,8562,8475,751.71629775]
[1521993600000,8470.7,8537.6,8570,8470.6,874.32847482]
[1521990000000,8550,8470.7,8569.2,8459,1420.32106994]
[1521986400000,8556.1,8549.3,8645,8525,1321.1518747]
[1521982800000,8495.1,8556.1,8580,8460.1,1112.24733478]
[1521979200000,8424.9,8495,8533.4,8388,1223.37839296]
[1521975600000,8477.4,8424.9,8483,8371,1830.72880714]
[1521972000000,8508.9,8471.5,8519.3,8413.1,1067.3558647]
[1521968400000,8525.8,8508.9,8545,8469.9,1008.59703771]
[1521964800000,8471.3,8525.9,8590,8444.32908138,1159.32050136]
[1521961200000,8504.02946702,8471.3,8515.7,8364.8,2003.3433119]
[1521957600000,8525,8506.5,8576.9,8475,833.92206295]
[1521954000000,8524.7,8524.4,8584,8512,843.3101542]
[1521950400000,8552.1,8524.1,8562.5,8479.7,542.77411275]
[1521946800000,8482.9,8562.5,8567.3,8425,1440.70792444]
[1521943200000,8529.5,8482.8,8558.1,8460.9,790.8481026]
[1521939600000,8543.5,8529.9,8596.9,8476.9,1397.86435447]
[1521936000000,8521.6,8543.5,8549,8483.7,1493.42744223]
[1521932400000,8616.9,8522.6,8659.1,8460,2669.9399134]
[1521928800000,8668,8616.8,8722,8556,4050.91712111]
[1521925200000,8921.9,8668.1,8922,8610,4998.72723303]
[1521921600000,8897.2,8924.8,8977,8897.2,923.33011722]
[1521918000000,8918.8,8897.2,8947,8869,784.58688206]
[1521914400000,8861.98457431,8918.8,8926,8855.3,700.41425391]
[1521910800000,8934.4,8862,8938.7,8853,1302.25518714]
[1521907200000,8950.1,8937.7,8960,8895,1046.42714812]
[1521903600000,8980.3,8950,8988,8918.5,1284.74496002]
[1521900000000,8864.7,8980.2,9050.3,8832.4,3160.70134556]
[1521896400000,8852,8864.7,8892,8827,922.21253974]
[1521892800000,8726,8852,8895,8656.1,2259.91340607]
[1521889200000,8771.4,8726.1,8787.1,8701,975.28248709]
[1521885600000,8889.1,8771.5,8891.8,8683.6,4438.65444851]
[1521882000000,8881.2,8889,8918,8858.3,782.43724768]
[1521878400000,8919,8880,8927.3,8865,870.22981732]
[1521874800000,8891.40215564,8918,8950,8882.3,1220.59156783]
[1521871200000,8848.5,8893.8,8903.6,8848.4,622.24583233]
[1521867600000,8955.3,8848.6,8971,8831,1202.4180957]
[1521864000000,8876.8,8955.2,8962.9,8860,864.90412162]
[1521860400000,8887,8879,8911.5,8849.6,503.0835118]
[1521856800000,8832,8894.3,8905.24572333,8813.5,831.33448764]
[1521853200000,8901.7,8831.2,8906,8831,897.19390451]
[1521849600000,8917.2,8901.8,9000,8859,6881.19491652]
[1521846000000,8648.4,8914.4,8917.6,8647.4,3485.87021848]
[1521842400000,8671,8649,8695,8616.3,1385.90751716]
[1521838800000,8611,8670.2,8671,8610.9,574.46673025]
[1521835200000,8620,8611.6,8620,8560.1,1058.67269621]
[1521831600000,8618.7,8620,8645,8580.1,616.07732983]
[1521828000000,8628.8,8618,8730,8556,2948.35040368]
[1521824400000,8630.1,8628.8,8667,8605.5,999.53027613]
[1521820800000,8621.4,8630.1,8665,8573.2,2232.33503361]
[1521817200000,8568.2,8621.3,8696.7,8566.9,3183.95293163]
[1521813600000,8363,8567.7,8619,8354.5,3765.72978994]
[1521810000000,8309.5,8354.4,8363,8275.1,1601.40275333]
[1521806400000,8511.8,8314,8516.9,8271.1,2499.14229945]
[1521802800000,8484.8,8511,8523,8437.3,678.70464588]
[1521799200000,8480,8484.8,8511.5,8421.2,982.86284189]
[1521795600000,8468.8,8480,8534.9,8461,1380.40608466]
[1521792000000,8382.3,8468.8,8509,8382.3,1919.18462866]
[1521788400000,8371,8382.2,8424.4,8366,1909.72782096]
[1521784800000,8402.7,8371,8452,8338,1831.00796498]
[1521781200000,8403.1,8404,8407,8346,991.82823315]
[1521777600000,8410.1,8403.2,8469,8360.1,1307.89402555]
[1521774000000,8425.4,8410.9,8426,8333.4,1641.24832712]
[1521770400000,8579.2,8425.3,8601.9,8353,4387.60490403]
[1521766800000,8619.9,8578.9,8642.2,8539.3,2434.17514159]
[1521763200000,8697.5,8619.9,8721,8616,1125.22362695]
[1521759600000,8694.6,8699.3,8771.9946496,8651,1716.06198474]
[1521756000000,8615,8694.6,8710,8607.1,1340.93520976]
[1521752400000,8596.1,8615,8639.6,8521,1593.45314402]
[1521748800000,8596.7,8597.2,8612,8565,1369.87345194]
[1521745200000,8646,8598.1,8678.9,8555,1732.18113421]
[1521741600000,8666,8645.9,8684,8612,1668.04777309]
[1521738000000,8610,8667.6,8684,8550,1432.17682358]
[1521734400000,8595.7,8610,8645,8553,1592.89564641]
[1521730800000,8482,8595.8,8610,8450,5292.33908768]
[1521727200000,8594,8482,8647,8480,3881.85754791]
[1521723600000,8706.4,8593,8709.8,8548,2677.24410897]
[1521720000000,8642.2,8707,8743,8621.69011343,1674.27372332]
[1521716400000,8703.6,8642.9,8717.9,8610,2978.61105352]
[1521712800000,8771.4,8703.6,8776.2,8588,9979.14643019]
[1521709200000,8986.7,8771.2,9011,8701,4828.93610737]
[1521705600000,8952,8986.7,9000.8,8948.9,981.74873898]
[1521702000000,8991.7,8951.8,9015,8910,1461.24660466]
[1521698400000,8997.6,8992.1,9042,8988.3,623.81775924]
[1521694800000,9021.1,8996.9,9045.6,8976,529.40060613]
[1521691200000,9016.5,9021.2,9031,8963.1,434.17955681]
[1521687600000,9044.6,9016.4,9095.92211691,8975.1,1682.66278293]
[1521684000000,9064.96234685,9044.6,9076.4,9034.1,903.81004568]
[1521680400000,9034.7,9064.96234685,9091,8994,1916.98454039]
[1521676800000,8888.3,9029.6,9068.7,8875,2096.48708914]
[1521673200000,8825.6,8888.2,8936.49972274,8800,1509.70711578]
[1521669600000,8917.2,8825.1,8935,8814.9,1375.18103654]
[1521666000000,8876.8,8917.2,8950,8869,751.70875269]
[1521662400000,8868.6,8875,8914.68082479,8828.1,1028.87353005]
[1521658800000,8875.3,8868.5,8960,8864.9,1103.94161765]
[1521655200000,8853.2,8875.8,8924.9,8784,1730.10525809]
[1521651600000,8868,8853.53662995,8921.62660195,8752,3571.84030199]
[1521648000000,9024.6,8867.8,9062.4,8800,8429.3371404]
[1521644400000,9050.3,9024.5,9177.5,9016,3526.34137831]
[1521640800000,9023,9050.3,9125,9003,1746.82815478]
[1521637200000,9018.8,9020,9080,8961.65350584,1049.84311013]
[1521633600000,9046.5,9017.2,9090.8,8950,1375.30074956]
[1521630000000,9049.5,9049.5,9049.5,9046.5,0.037]
[1521626400000,9048.8,9046.5,9049.5,9046.5,0.236756]
[1521622800000,8968.2,9046.5,9060,8955.1,704.37116768]
[1521619200000,8922.8,8964.1,9000,8877.1,1623.44414541]
[1521615600000,9062.1,8920.1,9095,8900.1,2464.86908637]
[1521612000000,9034.9,9064.9,9090.93139721,8987,1205.53104533]
[1521608400000,9060.1,9033.6,9117.6,9022.8,1023.20385905]
[1521604800000,9031.8,9060.1,9125,9009,2760.19504455]
[1521601200000,8938.2,9031.2,9060,8920.6,1609.71637982]
[1521597600000,8970.9,8938.3,9000,8925.6,1243.46465674]
[1521594000000,8946.4,8967,8982.6,8924,1442.5862567]
[1521590400000,8899.8,8946.4,8947,8849.9,1611.12154383]
[1521586800000,8946.1,8899.7,8946.6,8820,1790.75412151]
[1521583200000,8984.9,8946.1,8991,8900,1232.52012761]
[1521579600000,8918,8984.9,8997,8869,1894.751829]
[1521576000000,8939,8915,9040,8839.3,4413.36541703]
[1521572400000,8816,8939.1,8963.7,8800.3,2797.53669575]
[1521568800000,8862,8815.9,8884.4,8782,2074.78982707]
[1521565200000,8818.8,8862,8899,8766.7,3738.81660976]
[1521561600000,8517,8818.8,8847,8515.3,7529.66649364]
[1521558000000,8511.4,8517,8600,8499,2550.05642584]
[1521554400000,8474.9,8511.7,8540,8445,1254.74864746]
[1521550800000,8549.9,8474.9,8568,8450,1617.72195277]
[1521547200000,8523.4,8550,8615,8465,2070.90592199]
[1521543600000,8467.9,8523.6,8565,8446.5,1555.81825073]
[1521540000000,8446.1,8468,8505,8429.1,1131.81522645]
[1521536400000,8360,8446.01053038,8485.47786931,8308,1619.94760351]
[1521532800000,8387,8360,8429,8305.1,1721.56667369]
[1521529200000,8487.9,8387,8511.93607096,8340,1557.22209901]
[1521525600000,8471.7,8486.1,8543.66846195,8427.2,822.28310791]
[1521522000000,8456.2,8472,8499,8375,1193.03920784]
[1521518400000,8588.8,8456.2,8593.03617731,8411,2287.79566069]
[1521514800000,8576.4,8588.7,8684,8528.3,2947.71100543]
[1521511200000,8457,8576.4,8632.2,8430.2,2517.46829178]
[1521507600000,8503.9,8458.9,8541.4,8421,1767.1573013]
[1521504000000,8600.2,8504.1,8600.2,8448.2,2197.12326827]
[1521500400000,8503.8,8600.2,8627,8442.4,2387.48020872]
[1521496800000,8378.1,8503.5,8579.35253104,8365,2027.21823408]
[1521493200000,8411,8378.04446057,8464,8370,1328.03747752]
[1521489600000,8388,8410.9,8502.70488434,8339.5,3621.91250095]
[1521486000000,8307.9,8386.2,8454.8,8298.6,2363.80864816]
[1521482400000,8306.4,8308.7,8399.7,8277,2430.54591708]
[1521478800000,8360.2,8303.2,8380,8241.7,5110.77964205]
[1521475200000,8559,8360.2,8627.1,8352.1,3377.44209049]
[1521471600000,8564.7,8559.3,8604,8505.1,2162.79433653]
[1521468000000,8543.9,8564.8,8717,8519,7212.1009514]
[1521464400000,8271.3,8543.9,8635,8217.2,7260.77109045]
[1521460800000,8337.8,8272.5,8337.8,8228.9,1532.7948381]
[1521457200000,8214.1,8337.8,8375,8206.8,2270.32427998]
[1521453600000,8201.7,8214.1,8236.5,8085.7,3037.10284073]
[1521450000000,8309.2,8201.7,8327.9,8155,2985.19130626]
[1521446400000,8291.2,8309.1,8407.9,8277.7,1937.09905949]
[1521442800000,8272,8293,8319,8250,1055.78460992]
[1521439200000,8321,8272,8406,8250,2244.71856147]
[1521435600000,8179.1,8321.4,8356.9,8170,1916.31903139]
[1521432000000,8183.9,8179,8246.2,8164,1033.64316585]
[1521428400000,8175.5,8183.9,8235.9,8122,1241.08330148]
[1521424800000,8247.1,8175.4,8279,8154,1755.42521418]
[1521421200000,8295.4,8249.7,8322,8120,5329.54758569]
[1521417600000,8200.3,8295.2,8467.05998033,8200.2,7629.99538552]
[1521414000000,8160,8200.3,8262.7,8129.4,3533.52119335]
[1521410400000,8216.81415929,8160,8235,8045,5760.46987522]
[1521406800000,7653.9,8216.81415929,8300,7644,11219.56878321]
[1521403200000,7467,7654.7,7681.6,7458,4506.31241406]
[1521399600000,7439.4,7463.7,7523.9,7382.4,2106.39850321]
[1521396000000,7484.9,7440.1,7577.2,7420,2521.14930953]
[1521392400000,7377.3,7484.9,7515,7330,2695.84072612]
[1521388800000,7378.5,7377.6,7453.2,7318,3874.44427849]
[1521385200000,7478.7,7381.5,7489.54540982,7356,3212.07578044]
[1521381600000,7597.1,7476.87690643,7612.3,7240,11949.6551357]
[1521378000000,7693.1,7597.1,7728,7522,3411.05749989]
[1521374400000,7765.4,7693.1,7816.4,7671.2092886,2292.7904604]
[1521370800000,7578,7767.4,7823.2,7540,3663.88880846]
[1521367200000,7683,7578,7726.5,7522,3751.65530227]
[1521363600000,7740.7,7683,7763.4,7649,1393.4905595]
[1521360000000,7665.1,7738.2,7793.7,7655.7,1763.7646704]
[1521356400000,7750.4,7665.05952967,7752.5,7655.7,1214.87659251]
[1521352800000,7660,7750,7770.6,7651.16107449,2087.69898694]
[1521349200000,7571,7659.9,7689.9,7562.2,1605.61838579]
[1521345600000,7641.1,7571,7732.2,7520,2364.31891173]
[1521342000000,7637,7641.1,7724.9,7587,3206.24292171]
[1521338400000,7710,7637,7710,7530,5905.27205635]
[1521334800000,7683.8,7710,7780,7683.7,1513.2470194]
[1521331200000,7838.6,7683.8,7870,7679,3388.4629634]
[1521327600000,7987.8,7845,7995,7799,2119.64818683]
[1521324000000,7941.3,7986,8029,7927.1,1996.54423476]
[1521320400000,7820.4,7939.2,8047,7805.27403326,4136.10932791]
[1521316800000,7823.6,7820.4,7846.1,7755.4,3137.69457366]
[1521313200000,7817,7823.5,7838.4,7728.1,2320.06264087]
[1521309600000,7913.1,7814.2,7960,7780,2136.1340613]
[1521306000000,7886.6,7916,7976.9,7882.1,1871.83805985]
[1521302400000,7888.1,7887.1,7940,7863.6,1283.87726245]
[1521298800000,7968.7,7888.8,7987.9,7840,4157.71668474]
[1521295200000,7990,7968.7,8055.5,7952.4,1723.98241244]
[1521291600000,8035.4,7989.9,8069,7928.26921185,2296.49627967]
[1521288000000,8176.1,8035.4,8178.9,7970.6,3852.38987424]
[1521284400000,8226.4,8176.1,8285,8170.5,745.70217734]
[1521280800000,8276.8,8226.1,8277.9,8222.4,536.00771856]
[1521277200000,8296,8276.4,8322.1,8241.9,953.92253492]
[1521273600000,8181.2,8296,8367,8135,2288.69498981]
[1521270000000,8184.5,8181.1,8239,8170,585.05975353]
[1521266400000,8154,8183.8,8221,8112.3,1530.0414026]
[1521262800000,8210,8154.1,8210.1,8145.5,905.48730162]
[1521259200000,8194.2,8210,8240.3,8082,1808.14211255]
[1521255600000,8222.6,8195.3,8239,8166,511.9465592]
[1521252000000,8150,8222.7,8241.8,8090,1584.38392533]
[1521248400000,8290.9,8150,8306.3,8069.1,4400.20415686]
[1521244800000,8250,8290.5,8320,8226.3,2036.36090712]
[1521241200000,8480,8250,8515.9,8250,3483.2745895]
[1521237600000,8500.9,8480,8545,8461,1282.13293646]
[1521234000000,8528.3,8500.1,8540,8450,1097.14176834]
[1521230400000,8535.9,8533,8566.9,8491,852.04078849]
[1521226800000,8510.4,8530.5,8598.8,8465,1871.9485866]
[1521223200000,8445,8511.6,8556,8441,1494.45927009]
[1521219600000,8539.4,8445,8586.3,8445,1693.23630987]
[1521216000000,8551.3,8539.7,8575.7,8480,1785.46352183]
[1521212400000,8442.4,8551.2,8604.5,8441,3020.82427172]
[1521208800000,8461.3,8442.3,8574.1,8429.5,3437.49676642]
[1521205200000,8188.6,8462.4,8550,8150,8111.28133072]
[1521201600000,8197,8188.5,8244.1,8153.5,1333.41267587]
[1521198000000,8100,8198,8218.5,8087.9,1207.26836501]
[1521194400000,8204.2,8100,8204.2,8050,1391.01971164]
[1521190800000,8199.1,8198.2,8223.3,8069,2456.52277276]
[1521187200000,8245.1,8200,8290,8170.3,1454.95327793]
[1521183600000,8201.1,8245.7,8300,8196.2,1624.99611827]
[1521180000000,8188.2,8200.9,8300,8150,1406.20802685]
[1521176400000,8191.9,8188.9,8239,8149,1905.30693766]
[1521172800000,8033.9,8191.5,8258.9,8012.5,2331.69716916]
[1521169200000,8096.7,8033.9,8146.1,8001.2,2365.95873887]
[1521165600000,8008.9,8096.5,8120,7965.1,3691.95164731]
[1521162000000,8060.3,8008.9,8083.9,7902,3637.96187488]
[1521158400000,8249.5,8060.2,8340,8024.8,3468.37967533]
[1521154800000,8318,8250.1,8325.1,8211.1,1189.50979893]
[1521151200000,8311.1,8318,8394,8250,2186.25669571]
[1521147600000,8240.7,8311,8354,8143.1,2792.98256126]
[1521144000000,8212.1,8240.7,8296.52977425,8190,1889.25336744]
[1521140400000,8144.3,8212.2,8337.8,8133.8,3197.59915154]
[1521136800000,8156.2,8144.3,8227.8,8073,2124.71992797]
[1521133200000,8076.6,8155.2,8247.4,8066.3,2759.69955404]
[1521129600000,8092.9,8081,8145,7967,3883.20941363]
[1521126000000,8277.9,8093.9,8280.2,7934.1,7888.02239602]
[1521122400000,8385.6,8276.7,8388.7,8266,2566.79940882]
[1521118800000,8230,8385.7,8418,8171.4,3882.20226655]
[1521115200000,8235.2,8232.2,8249,8123.3,2328.55125119]
[1521111600000,8096.5,8235.4,8275,8096.5,2722.60403389]
[1521108000000,8174.4,8096.5,8261,8050,3021.00393347]
[1521104400000,8181.7,8174.5,8279,8125,4095.81137877]
[1521100800000,7882.4,8181.7,8250,7801,5104.97626204]
[1521097200000,7841.7,7882.4,7944,7841.7,2856.90202654]
[1521093600000,7771.1,7841.7,7858,7665.1,5399.00994253]
[1521090000000,7895.1,7771,7912.7,7736.5,3797.22874976]
[1521086400000,7887.3,7894.9,7946,7820,2331.68042173]
[1521082800000,7782.6,7887.2,7970,7777.7,3590.64024072]
[1521079200000,8119.8,7782.3,8121.7,7730.1,7985.33180333]
[1521075600000,8078.7,8119.7,8183.8,8042,2052.14587345]
[1521072000000,8175.6,8078.6,8257,8040.1,2900.27110397]
[1521068400000,8166.9,8176,8278,8140,2309.47261932]
[1521064800000,8038,8168.84194849,8325,8037.9,5820.10708582]
[1521061200000,8286.2,8038,8286.7,7916,9840.85489884]
[1521057600000,8279.2,8286.2,8343,8183,2505.77148674]
[1521054000000,8252.1,8279.2,8360,8252.1,1932.33939715]
[1521050400000,8316.6,8252.5,8330.1,8178,4304.14192237]
[1521046800000,8414,8315,8431.7,8210,7860.68281271]
[1521043200000,8719.6,8413.7,8730.1,8362.2,6216.10052614]
[1521039600000,8732.6,8719.2,8742,8649,2159.03194431]
[1521036000000,8662.3,8732.6,8777,8649.7,2735.31460222]
[1521032400000,8669.7,8662.4,8690.4,8557,2290.67005626]
[1521028800000,8683.8,8669.7,8740,8556,4089.25481109]
[1521025200000,8730,8683.8,8748.8,8605,3819.36991153]
[1521021600000,8899.1,8730.1,8928.4,8656,5889.50712795]
[1521018000000,9103.3,8899.2,9120,8855.4,3847.70154251]
[1521014400000,9085.3,9104.5,9120.9,9064,976.811762]
[1521010800000,9165.8,9085.9,9165.8,9042,773.10544984]
[1521007200000,9172,9165.8,9193.41172734,9089.5,930.88684689]
[1521003600000,9091.2,9171.9,9183,9086.2,999.79021397]
[1521000000000,9256,9091.2,9256.4,9068.1,2069.39434204]
[1520996400000,9231.7,9255,9320,9230.1504843,838.62724068]
[1520992800000,9279.9,9231.4,9320,9208.3,853.47963024]
[1520989200000,9307.6,9279.9,9323.5,9250,1607.2510493]
[1520985600000,9136,9305,9439.6,9136,4183.92989733]
[1520982000000,9156.1,9135.2,9195.5,9110.1,1310.54912305]
[1520978400000,9101.1,9150.3,9250,9089.8,1981.22114276]
[1520974800000,9049.2,9103.8896973,9121.9,9035.6,589.45648175]
[1520971200000,9055,9049.1,9199.7,8988.1,1837.64402889]
[1520967600000,9135,9053.6,9194.1,8985.7,2396.84881384]
[1520964000000,9095.3,9135.1,9162.6,9044.1,1252.41709037]
[1520960400000,9223.7,9095.4,9268.1,9095.3,2497.36861635]
[1520956800000,9071.1,9223.7,9321.6,8951.1,4792.56589757]
[1520953200000,9083.3,9071.1,9119.4,8941.810078,1872.73878522]
[1520949600000,9115.4,9084.4,9188.9,9012,2417.88378508]
[1520946000000,8946.7,9118.3,9250,8922.9,4707.37678637]
[1520942400000,9045.1,8946.7,9049,8822,3538.78866622]
[1520938800000,8877,9045.1,9089,8875.9,3140.67670113]
[1520935200000,9260.2,8876.6,9317,8875,3690.85700176]
[1520931600000,9161.1,9262.5,9373.8,9151,2108.50960934]
[1520928000000,9202,9161.8,9220,9044.1,2794.19131407]
[1520924400000,9350.1,9202.6,9398.8,9095,3846.84887693]
[1520920800000,9383.3,9351,9482.4,9332,2162.40926428]
[1520917200000,9377.1,9383.3,9419,9314.4,1321.33284787]
[1520913600000,9047.7,9380.2,9469,9014.8,4463.77835004]
[1520910000000,9122.65197734,9047.1,9128.6,8950,2421.96104121]
[1520906400000,9095,9122.7,9184.6,9090,1425.67949195]
[1520902800000,9224.2,9095,9232.2,9095,2087.72198739]
[1520899200000,9130.2,9229.7,9255,9040,2877.0171084]
[1520895600000,9061.9,9130.2,9234.5,9058.6,2312.3488299]
[1520892000000,9099,9060.9,9170,9018.5,3164.45031178]
[1520888400000,8999.9,9099,9130.4,8940.1,2463.90512816]
[1520884800000,8915,9000,9049,8770,4767.0077898]
[1520881200000,9199.1,8914.9,9212.8,8852.8,6439.42407851]
[1520877600000,9173,9200,9243.8,9140.10326853,2406.27276404]
[1520874000000,9175.6,9173,9280,9033,4210.9288448]
[1520870400000,9178,9177,9244,9000,5866.41859807]
[1520866800000,9242.9,9179,9338,9120,3664.94077312]
[1520863200000,9775.5,9236.3,9775.5,9188,7991.02864764]
[1520859600000,9781.1,9776,9799,9701.3,1451.16946724]
[1520856000000,9826.1,9781.1,9829.5,9745.1,973.43786995]
[1520852400000,9834,9832,9852,9752.5,1452.151467]
[1520848800000,9806.1,9834,9900,9773.38314248,3051.82433163]
[1520845200000,9522,9806,9875,9501,4322.25487909]
[1520841600000,9590.3,9522,9630,9498,1091.44754613]
[1520838000000,9588.3,9593.95110825,9643.4,9519,777.47163554]
[1520834400000,9563,9584.7,9697.6,9530,1399.12254801]
[1520830800000,9534.6,9563,9613.05008522,9484,1338.69648095]
[1520827200000,9425.1,9534.5,9577,9370.7,1595.73057176]
[1520823600000,9571.2,9425.5,9618,9357,2180.31412096]
[1520820000000,9528.6,9574.7,9609,9481,1066.04446747]
[1520816400000,9597.1,9529.9,9696.6,9467,1892.42040275]
[1520812800000,9525.9,9597.2,9650,9525.9,1705.82283627]
[1520809200000,9507.8,9527.7,9567.3,9432.2,2314.4354844]
[1520805600000,9502.8,9507.7,9716.25816923,9501,4357.10485668]
[1520802000000,9597,9502,9630,9500,1818.69242835]
[1520798400000,9631,9599,9648.5,9435.9,3915.78654797]
[1520794800000,9611.4,9631.8,9700,9555,2112.87417152]
[1520791200000,9630.5,9611.3,9729,9542,3964.71487904]
[1520787600000,9189.4,9630.5,9680,9180.4,7789.60513528]
[1520784000000,9085.1,9192.2,9276.5,9081.6,2279.05894997]
[1520780400000,9201.70260117,9081.3,9283.5,9062.6,2546.9688807]
[1520776800000,9212.4,9201.7,9323.9,9143.6,2373.3658641]
[1520773200000,9169.1,9212.4,9375,9162.1,3221.52614567]
[1520769600000,9037,9169,9285,9019.1,6518.55320566]
[1520766000000,8701.1,9020,9089,8621.5,3953.28177883]
[1520762400000,8604.8,8701.1,8705,8506.7,2697.04928757]
[1520758800000,8785.9,8604.9,8790,8559.1,1561.98695449]
[1520755200000,8691.4,8785.9,8792,8686.2,1424.79691931]
[1520751600000,8778.1,8691.5,8781.5,8625,1248.93381446]
[1520748000000,8814,8778.3,8830.9,8739.2,1579.92221337]
[1520744400000,8658.1,8814.1,8818.2,8588,1729.88420579]
[1520740800000,8596.4,8659.7,8707,8560,1312.26123381]
[1520737200000,8700,8596.1,8700,8475.9,2702.56299855]
[1520733600000,8580,8700,8736,8508.1,1879.84450551]
[1520730000000,8471.3,8580.4,8634,8471.3,1976.84200055]
[1520726400000,8772.5,8471.3,8774.5,8428,5198.98120709]
[1520722800000,8827,8769.9,8860,8706,1899.86055517]
[1520719200000,8801.5,8826.9,8875,8670.9,2415.95081288]
[1520715600000,8842.1,8801,8850,8739.1,2811.63216957]
[1520712000000,9097.07485438,8842,9103,8811,3483.40075157]
[1520708400000,9078.9,9097.1,9125,9000,1494.23072247]
[1520704800000,9135,9080,9135.1,8970,3711.30651417]
[1520701200000,9405.6,9135,9424,9087.2,3201.84379412]
[1520697600000,9363.9,9405.5,9430.5,9333,718.05286225]
[1520694000000,9435.4,9363.7,9500,9328,1442.88618442]
[1520690400000,9260.7,9435.4,9500,9258,2970.17794911]
[1520686800000,9273.1,9261.52505404,9317.8,9206.2,1105.19267601]
[1520683200000,9349.9,9273.1,9358.02876401,9225,1308.63388594]
[1520679600000,9334.9,9349.9,9375,9271,913.80880173]
[1520676000000,9220,9335,9341.8,9173,1089.75294967]
[1520672400000,9332.5,9220,9343.6,9201,2091.09487487]
[1520668800000,9327.3,9324.3,9415.2,9303.2,1613.77810672]
[1520665200000,9428.4,9327.2,9451,9319.1,1835.89631103]
[1520661600000,9341.7,9428.4,9506.4,9341.6,3340.13874083]
[1520658000000,9303,9342,9360.2,9205.1,1567.32167436]
[1520654400000,9234,9303,9336,9188,1211.59650498]
[1520650800000,9289.9,9233.6,9293,8950,3907.08062438]
[1520647200000,9279,9289.9,9326.6,9202.2,1468.14920514]
[1520643600000,9311.9,9279.1,9423.9,9232.6,3141.54103328]
[1520640000000,9216.1,9313.1,9330.9,9214.2,3788.77518047]
[1520636400000,9228.5,9216.2,9355,9153,3531.85172852]
[1520632800000,8975,9229,9260.7,8940,3959.63528121]
[1520629200000,8973,8976,9130,8933,3415.9973009]
[1520625600000,8775.2,8973,9000.5,8723.86152702,1843.82270698]
[1520622000000,8882.9,8775.1,8884.7,8605.1,2828.4042732]
[1520618400000,8749,8884.7,8949,8745.2,2670.99572838]
[1520614800000,8692.6,8745.6,8850,8663,2715.2139035]
[1520611200000,8944.1,8693.6,9050,8650,5174.25731717]
[1520607600000,9134.9,8943.7,9138.6,8901,2521.56340634]
[1520604000000,8916.4,9134.8,9143.9,8906,2604.55364499]
[1520600400000,8978.7,8916.9,9000.59322931,8821,2305.73858191]
[1520596800000,8942.3,8984.7,9063.9,8889,3645.58747549]
[1520593200000,8732.8,8942.1,8970,8668,3825.32790529]
[1520589600000,8540,8734.0166511,8812,8452,4803.02332463]
[1520586000000,8668.3,8540,8727.7,8379,5259.78779793]
[1520582400000,8704.9,8662,8850,8556,4978.30714071]
[1520578800000,8816.8,8704.9,8865,8678,3923.13638302]
[1520575200000,8483.8,8816.1,8852.9,8342,8501.60276449]
[1520571600000,8639,8481,8771.1,8426.2,5764.5567958]
[1520568000000,8980.6,8636.3,8986,8563,7871.29498063]
[1520564400000,9011.1,8980.6,9037,8933.8,1863.24607685]
[1520560800000,9092.2,9011.1,9110,8882,6024.51199136]
[1520557200000,9375,9092.1,9375,8954.8,6609.61039708]
[1520553600000,9300,9375.03849954,9428,9300,1567.12045561]
[1520550000000,9272.1,9300,9362.9,9271,2129.97405778]
[1520546400000,9330,9272.1,9407,9240,2283.358174]
[1520542800000,9380,9330,9471,9330,2034.39443664]
[1520539200000,9372.7,9380,9397.4,9281,2157.53536562]
[1520535600000,9338.5,9372.8,9399.5,9260,2358.02716941]
[1520532000000,9295.4,9337.29819487,9443.7,9210,4539.67484448]
[1520528400000,9427,9296.8,9432.5,9025,14984.23328304]
[1520524800000,9904,9437.8,9904,9331.8,5627.37419748]
[1520521200000,9745.4,9904,9945,9745.3,1849.78402816]
[1520517600000,9889.7,9745.4,9890,9734.8,1220.24333204]
[1520514000000,9770.3,9889,9890,9670,1964.46843079]
[1520510400000,9925.3,9770.3,9982.6,9719,3164.93289789]
[1520506800000,10010,9925.7,10029,9908.8,1132.4316404]
[1520503200000,10056,10011,10076,9928.71791315,1410.10201185]
[1520499600000,9907.1,10056,10112,9903.6,2512.35956957]
[1520496000000,9936.5,9908.1,9967,9835.6,1459.96226649]
[1520492400000,9742.5,9938.5,10000,9679.8,2480.1099904]
[1520488800000,9791.3,9742.4,9868,9712,1105.95826655]
[1520485200000,9782,9791.4,9821.5,9668.58027863,1314.87133149]
[1520481600000,9529.9,9783,9784,9515.20465733,2251.32300295]
[1520478000000,9600.8,9530,9696.1,9489.4,2215.63249199]
[1520474400000,9844.8,9600.8,9844.9,9555,4592.8591073]
[1520470800000,9941.7,9844.8,10023,9801,1728.82064318]
[1520467200000,9910.5,9941.4,10020,9855,1219.46129369]
[1520463600000,9935.3,9910.6,9974.2,9814,2106.5745363]
[1520460000000,9929.1,9936,10097,9902,3689.69134334]
[1520456400000,9761,9929.1,9979.8,9759.9,3310.75462933]
[1520452800000,9844.9,9763,9844.9,9685,2072.79603323]
[1520449200000,9682.2,9845.1,9860,9610,3483.93551796]
[1520445600000,9725,9682.2,9922.2,9675.8,6943.63776989]
[1520442000000,9940,9725,10120,9400,19423.77512585]
[1520438400000,10661,9937.1,10690,9846.9,11488.70657704]
[1520434800000,10661,10661,10719,10600,1466.57246844]
[1520431200000,10524,10662,10672,10524,1121.55973724]
[1520427600000,10598,10525,10644,10513,1028.92308893]
[1520424000000,10639,10598,10674,10576,1042.99673531]
[1520420400000,10491,10639,10639,10431,1979.24958002]
[1520416800000,10483,10492,10562,10443,943.09500328]
[1520413200000,10539,10488,10543,10400,1730.13410663]
[1520409600000,10509,10539,10625,10509,1557.62539169]
[1520406000000,10485,10510,10539,10411,2079.03243096]
[1520402400000,10652,10485,10652,10467,2453.68312312]
[1520398800000,10771,10652,10818,10632,1154.14184183]
[1520395200000,10726,10775,10795,10701,1370.18924725]
[1520391600000,10781,10726,10794,10666,1003.31281086]
[1520388000000,10856,10782,10873,10721,891.06752027]
[1520384400000,10858,10856.88521454,10899,10790,976.40492807]
[1520380800000,10719,10858,10896,10713,1911.27027386]
[1520377200000,10763,10720,10772,10583,1696.74747902]
[1520373600000,10776,10763,10799,10710,807.89455107]
[1520370000000,10650,10776,10812,10648,1882.35283671]
[1520366400000,10711,10651,10718,10582,1443.57678246]
[1520362800000,10721,10710,10725,10567,3855.57088059]
[1520359200000,10776,10722,10881,10678,2888.75897358]
[1520355600000,10955,10776,10960,10752,3213.70267257]
[1520352000000,10972.7148704,10954,11003,10922,1164.04829395]
[1520348400000,10993,10972.34280045,11039,10955,1281.28632384]
[1520344800000,10850,10993,11016,10850,1534.17859911]
[1520341200000,10928,10850,10928,10821,2606.57799709]
[1520337600000,10943,10928,10970,10871,1586.54131815]
[1520334000000,10942,10943,10977.80473553,10870,1980.33260391]
[1520330400000,11270,10942,11270,10906,6212.31880465]
[1520326800000,11258,11270,11311,11256,504.90342796]
[1520323200000,11271,11258,11304,11247,1070.44794975]
[1520319600000,11292,11270,11292,11223,559.20469613]
[1520316000000,11301,11291,11339,11276,646.92664388]
[1520312400000,11281,11301,11324,11222,702.7417958]
[1520308800000,11249,11279,11328,11180,1148.09806068]
[1520305200000,11262,11250,11274,11181,841.9121987]
[1520301600000,11286,11262,11286,11210,619.39694145]
[1520298000000,11297,11286,11297,11176,2660.76777244]
[1520294400000,11402,11298,11411,11251,3296.06149382]
[1520290800000,11560,11402,11606,11356,1681.82508541]
[1520287200000,11576,11559,11615,11532,783.26677644]
[1520283600000,11604,11576,11610,11515,935.96404256]
[1520280000000,11648,11604,11698,11531,2613.53317949]
[1520276400000,11670,11648,11691,11631,1128.48634214]
[1520272800000,11487,11670,11700,11480,2913.33673394]
[1520269200000,11518,11487,11537,11475,691.76203264]
[1520265600000,11508,11519,11548,11496,628.78124385]
[1520262000000,11477,11508,11518,11461,730.30596786]
[1520258400000,11515,11477,11550,11432,1224.09098444]
[1520254800000,11536,11515,11541,11488,787.98655187]
[1520251200000,11506,11537,11580,11495,1350.17960135]
[1520247600000,11493,11506,11538,11469,554.27691245]
[1520244000000,11460,11494,11501,11400,832.43523926]
[1520240400000,11439,11457,11485,11425,488.39270376]
[1520236800000,11517,11438,11546,11424,1116.29712357]
[1520233200000,11534,11518,11603,11501,1153.13241509]
[1520229600000,11529,11534,11560,11499,883.85436157]
[1520226000000,11517,11530,11544,11475,779.29795741]
[1520222400000,11571,11517,11623,11516,1681.10839596]
[1520218800000,11535,11571,11590,11473,1321.16312854]
[1520215200000,11480,11535,11535,11466,1440.51435222]
[1520211600000,11474,11479,11480,11424,804.4938186]
[1520208000000,11500,11474,11518,11418,1148.97367471]
[1520204400000,11422,11500,11544,11421,1448.17707129]
[1520200800000,11441,11421,11466,11375,1416.94156888]
[1520197200000,11484,11442,11549,11400,1483.22767295]
[1520193600000,11376,11483,11500,11375,1657.591446]
[1520190000000,11362,11376,11424,11354,2047.77444904]
[1520186400000,11124,11363,11377,11113,2678.58489312]
[1520182800000,11147,11125,11162,11120,312.11274274]
[1520179200000,11141,11142.04514644,11170,11099,521.71519636]
[1520175600000,11125.90029135,11141,11144,11076,621.4086492]
[1520172000000,11186,11125.90029135,11190,11104,755.76774895]
[1520168400000,11203,11186,11239,11130,1534.1185941]
[1520164800000,11144,11203,11223.75536724,11132,2520.2598421]
[1520161200000,11130.09055908,11144,11184,11080.67004846,653.70126525]
[1520157600000,11229,11130,11229,11050,1645.56501124]
[1520154000000,11221,11229,11249,11184,681.57288826]
[1520150400000,11155,11222,11228,11121,836.90854669]
[1520146800000,11114,11156,11156,11057,1351.67836398]
[1520143200000,11201,11105,11210,11101,834.99345389]
[1520139600000,11208,11202,11240,11142,571.01415826]
[1520136000000,11175,11209,11237,11117,929.11808898]
[1520132400000,11335,11176,11336,11136,1804.17345079]
[1520128800000,11389,11334,11392,11280,858.76798322]
[1520125200000,11350,11389,11403,11347.49150855,320.65042516]
[1520121600000,11454,11351,11489,11342,590.51415162]
[1520118000000,11392,11454.95955159,11473,11373,1091.33844714]
[1520114400000,11295,11392,11497.3552016,11274,1452.35429785]
[1520110800000,11315,11296,11360,11256,884.98096949]
[1520107200000,11474,11316,11485,11250,2624.71936211]
[1520103600000,11480,11474,11499,11452,593.01710692]
[1520100000000,11519,11480,11526,11435,721.89860116]
[1520096400000,11469,11518,11530,11409,1558.63715191]
[1520092800000,11470,11470,11495,11437.08929214,696.94145715]
[1520089200000,11444,11470,11499,11393,1425.68100885]
[1520085600000,11453,11443,11487,11390,1205.63935759]
[1520082000000,11420,11452,11484,11387,1152.11854713]
[1520078400000,11274,11422,11445,11273,1327.2231094]
[1520074800000,11314,11274,11340,11253,1330.23841223]
[1520071200000,11346,11315,11357,11310,901.992696]
[1520067600000,11358,11349,11375,11289,564.43678112]
[1520064000000,11320,11358,11379,11265,845.68892399]
[1520060400000,11348,11321,11408,11309,1045.13372599]
[1520056800000,11339,11349,11420,11321,2188.57991807]
[1520053200000,11370,11340,11395,11302,1060.97239761]
[1520049600000,11329,11371,11418,11322.10341581,1226.22895726]
[1520046000000,11332,11328,11372,11265,1033.14479215]
[1520042400000,11234,11333,11385,11197,2695.5481317]
[1520038800000,11090,11235,11294,11090,2297.88876228]
[1520035200000,11025,11091,11110,11025,726.33460373]
[1520031600000,11131,11024,11153,10962,1546.1219227]
[1520028000000,11038,11131,11135,11027,735.99006309]
[1520024400000,11070,11040,11106.98677032,10999,1004.76922952]
[1520020800000,10931,11070,11111,10888,1777.30127262]
[1520017200000,10921,10931,10945,10860,427.02041705]
[1520013600000,10918,10921,10961,10852,946.73062954]
[1520010000000,10858,10918,10940,10835,781.92818074]
[1520006400000,10840,10858,10884,10771,972.08234401]
[1520002800000,10784,10840,10856,10783,562.32042235]
[1519999200000,10960,10784,10968,10762,1960.08166063]
[1519995600000,10999.41096589,10960,11052,10921,1061.80586068]
[1519992000000,10905,11000,11000,10889,1211.51256648]
[1519988400000,10918,10905,10956,10847,861.04386624]
[1519984800000,10883,10918,10950,10853,1193.18008054]
[1519981200000,11119,10883,11132,10870,2480.50526261]
[1519977600000,11100,11120,11141,11049,1054.00805875]
[1519974000000,11117.0983184,11100,11163,11020,977.40416781]
[1519970400000,10998,11118,11153,10998,1214.32909723]
[1519966800000,10999,10997,11035,10920,804.19936771]
[1519963200000,11128,10999,11158,10970,1179.35785965]
[1519959600000,11054,11129,11149,11054,949.76966145]
[1519956000000,11165,11053,11169,11050,1086.05458837]
[1519952400000,11036,11165,11189,11004,2582.9987169]
[1519948800000,10920,11037,11080,10914,1485.31333281]
[1519945200000,10977,10908,11003,10900,1213.84364326]
[1519941600000,10945,10977,10977,10775,3086.89514761]
[1519938000000,11051,10945,11084,10873,1743.07752555]
[1519934400000,10911,11051,11095,10880,3043.55622382]
[1519930800000,10941,10910,10989,10860,1643.62185077]
[1519927200000,10871,10941,10976,10839,3008.5085278]
[1519923600000,10757,10871,10905,10717,1914.61467527]
[1519920000000,10715.9441168,10757,10782,10695.10308996,537.583204]
[1519916400000,10785,10715.9441168,10785,10673,1105.99852763]
[1519912800000,10776,10784,10825,10748,1092.44458964]
[1519909200000,10643,10774,10831,10641,1894.73775983]
[1519905600000,10669,10642,10742,10625,1559.07408736]
[1519902000000,10747,10669,10761,10661,1131.9262603]
[1519898400000,10605,10748,10748,10600,1378.65069613]
[1519894800000,10653,10600,10683,10579,696.20666651]
[1519891200000,10534,10660,10707,10534,1774.73769033]
[1519887600000,10385,10534,10584,10385,1590.85287847]
[1519884000000,10399,10385,10415,10311,491.39191944]
[1519880400000,10439,10399,10446,10372,393.05597938]
[1519876800000,10356,10440,10477,10356,922.46680909]
[1519873200000,10323,10355,10381,10281,451.48866595]
[1519869600000,10395,10323,10435,10276.54876697,961.21700495]
[1519866000000,10392,10394,10395,10309,666.76297456]
[1519862400000,10314,10393,10395,10210,1566.51115201]
[1519858800000,10418,10315,10450,10261,3334.90125015]
[1519855200000,10506,10418,10562,10410,1420.03680207]
[1519851600000,10661,10507,10697,10496,1670.11996925]
[1519848000000,10555,10660,10699,10555,2591.6324367]
[1519844400000,10470,10556,10556,10470,614.09548672]
[1519840800000,10433,10471,10556,10413,1572.41153156]
[1519837200000,10410,10434,10501,10406,1139.47807472]
[1519833600000,10506,10406,10535,10400,1131.68896184]
[1519830000000,10519.92489607,10507,10565,10463,905.13822321]
[1519826400000,10459,10519.92489607,10570,10440,1393.00105665]
[1519822800000,10410,10460,10511,10380,1394.02796159]
[1519819200000,10554,10411,10605,10380,2411.34358478]
[1519815600000,10561,10554,10646,10507,1141.43234495]
[1519812000000,10598,10562,10631,10489,1408.9963444]
[1519808400000,10492,10598,10640,10456,2847.81929441]
[1519804800000,10745,10491.08451392,10808,10356,3378.30967922]
[1519801200000,10805,10744,10820.37805226,10649.01459894,2336.55395413]
[1519797600000,10939,10805,11065,10755,5033.56474431]
[1519794000000,10903,10939,10966,10883,698.85875996]
[1519790400000,10898,10902,10966,10883,1391.45487506]
[1519786800000,10676,10899,10966,10675,3202.400138]
[1519783200000,10692,10672,10786,10672,884.60496137]
[1519779600000,10655,10691,10725,10624,917.3943569]
[1519776000000,10583,10655.91517543,10702,10560,1030.20738375]
[1519772400000,10748,10582,10763.93816461,10562,1368.21852995]
[1519768800000,10755,10749,10822.90591097,10707,1339.43909796]
[1519765200000,10671,10755.61906346,10785,10656,998.09775945]
[1519761600000,10690,10670,10730,10612,850.48328792]
[1519758000000,10619,10691,10746,10619,1122.44805716]
[1519754400000,10564,10642,10646,10564,703.36647014]
[1519750800000,10617,10564,10635,10532,869.32979442]
[1519747200000,10578,10617,10669,10555,1420.59388986]
[1519743600000,10676,10577,10677,10480,3668.20449309]
[1519740000000,10874,10674,10887,10631,3021.33503398]
[1519736400000,10673,10874,10888,10672,3824.92807891]
[1519732800000,10706,10676,10746,10650,1060.14627252]
[1519729200000,10635,10706,10741,10620,1343.98854051]
[1519725600000,10741,10635,10745,10602,2205.16743551]
[1519722000000,10698,10742,10788,10626,2350.06897105]
[1519718400000,10617,10699,10764,10617,2997.21129055]
[1519714800000,10303,10617,10690,10270,3723.42973929]
[1519711200000,10329,10302,10377,10240,860.40405921]
[1519707600000,10302,10329,10345,10224,952.51067398]
[1519704000000,10275,10301,10400,10253,897.15328482]
[1519700400000,10170,10275,10315,10170,869.20667564]
[1519696800000,10196,10170,10253,10125,974.97455746]
[1519693200000,10369,10198,10389,10162,1167.68638156]
[1519689600000,10321,10368,10409,10287,1112.14925535]
[1519686000000,10355,10320,10370,10267.00442975,1038.63239781]
[1519682400000,10367,10355,10423,10308,1930.89858702]
[1519678800000,10274,10369,10439,10250,2549.16463044]
[1519675200000,10238,10274,10274,10141,1121.90507935]
[1519671600000,10248,10238,10300,10184,1234.83699385]
[1519668000000,10194,10249,10250,10164.99650948,1011.84073481]
[1519664400000,10185,10195,10209,10101,2705.56470928]
[1519660800000,10259,10184,10409,10160,3839.19895629]
[1519657200000,10225,10259,10280,10153,1559.25237637]
[1519653600000,10120,10228,10352,10120,4490.08922577]
[1519650000000,9875.5,10120,10246,9855,8277.9434803]
[1519646400000,9731,9876.6,9900,9650,2067.36385352]
[1519642800000,9689.3,9732,9750,9649,1634.82407333]
[1519639200000,9455.9,9690,9702.63198856,9455.6,1738.79813139]
[1519635600000,9433.2,9455.6,9527,9433.2,1001.76164134]
[1519632000000,9455,9433.3,9467.3,9359.9,1099.07312987]
[1519628400000,9419.9,9456,9480,9397,641.1929442]
[1519624800000,9609.1,9419,9631,9385.9,1076.36718154]
[1519621200000,9655.3,9609,9671.3,9552,777.00311387]
[1519617600000,9601.3,9655.3,9664.5,9560,881.26274307]
[1519614000000,9727.5,9601.4,9730,9567,925.33355085]
[1519610400000,9710.9,9728,9825,9654,2308.54330308]
[1519606800000,9560.5,9710.8,9719,9559.7,1255.94421234]
[1519603200000,9579,9558.8,9600,9518.2,792.45658164]
[1519599600000,9641,9583,9648,9530,1156.29099417]
[1519596000000,9580,9641,9679.16036081,9518.2,1364.1243284]
[1519592400000,9558.2,9582,9633.6,9508.8,1037.2481658]
[1519588800000,9458.4,9558.1,9583.1,9433.2,1119.13792523]
[1519585200000,9434.3,9458.4,9511.7,9380.1,1092.09974886]
[1519581600000,9339.7,9428.8,9446.2,9280.4,1541.03078324]
[1519578000000,9389,9339.7,9420,9319,1081.46040785]
[1519574400000,9399,9387.9,9458,9360.5,1481.49227921]
[1519570800000,9380,9400,9468.9,9287.1,2494.09024044]
[1519567200000,9471.9,9380,9512,9380,1513.78546921]
[1519563600000,9517.7,9471.9,9572,9403.4,1527.80280348]
[1519560000000,9651,9516.1,9691.3,9480,1630.09026065]
[1519556400000,9651.6,9651,9740.2,9596,1286.09847662]
[1519552800000,9604.9,9651.1,9699.7,9552.7,989.68686139]
[1519549200000,9605.3,9605,9654,9520,1254.83633639]
[1519545600000,9738.23766701,9600.5,9779.4,9592,1466.73384021]
[1519542000000,9775,9737.6,9840,9682,884.84545194]
[1519538400000,9718.1,9771,9840,9715.9,2021.70699256]
[1519534800000,9690,9715.8,9735.4,9626,722.11031737]
[1519531200000,9556.3,9698.7,9748.7,9518.8,989.48126831]
[1519527600000,9596,9556,9600.9,9468,1008.46975967]
[1519524000000,9735.5,9596,9744.9,9570,859.88053061]
[1519520400000,9620.7,9742.1,9750,9620,958.68507083]
[1519516800000,9665.6,9620.9,9669,9545,1080.4571598]
[1519513200000,9586.1,9666.3,9699.9,9584,1441.41743626]
[1519509600000,9478.8,9586,9684.9,9425,1945.26016511]
[1519506000000,9386.2,9479.4,9490,9377.9,1607.37748366]
[1519502400000,9577.9,9383.9,9579,9350.3,4064.73881704]
[1519498800000,9545.6,9577.9,9643,9510,1435.02813498]
[1519495200000,9613.2,9545.7,9706.9,9545,1551.90331173]
[1519491600000,9761.9,9613.6,9764.7,9602,1298.05769363]
[1519488000000,9730.1,9762,9790,9603,2143.90240345]
[1519484400000,9735.9,9731,9803,9700,1656.94788986]
[1519480800000,9610,9734,9770,9561,2537.73855494]
[1519477200000,9746.1,9621,9747,9514.4,3466.44110301]
[1519473600000,9705.9,9747.9,9798,9602,1812.03732536]
[1519470000000,9719.9,9713.7,9778,9605,2479.17414883]
[1519466400000,10021,9719.9,10021,9632,5771.03714763]
[1519462800000,9990.2,10012,10139,9990.1,1318.19756783]
[1519459200000,10101,9994.8,10101,9898,1663.60114105]
[1519455600000,10158,10100,10159,9921.1,4127.85228333]
[1519452000000,10437.90216258,10157,10479,9505,5506.30488438]
[1519448400000,10378,10437,10450,10345,1121.31783712]
[1519444800000,10398,10379,10500,10378,1477.8693579]
[1519441200000,10413,10398,10415.88775852,10306,863.46827485]
[1519437600000,10330,10417,10440,10329,2869.87772981]
[1519434000000,10312,10330,10330,10240,1347.41384464]]