[[1523028600000,6591.2,6589.5,6595.6,6589.5,28.56240781]
[1523026800000,6591,6591.10372768,6605,6579.9,447.05959603]
[1523025000000,6617.3,6590.9,6632,6585.1,559.93887033]
[1523023200000,6615.4,6617.3,6620.8,6593.9,486.08104865]
[1523021400000,6578.4,6615.3,6640.1,6573.4,581.00711013]
[1523019600000,6604.2,6581.1,6604.2,6570,378.98061368]
[1523017800000,6560,6604.1,6614.0946614,6560,435.91471562]
[1523016000000,6609.8,6560,6609.8,6550,735.5788136]
[1523014200000,6612,6609.8,6630.7,6594,523.6927293]
[1523012400000,6502.1,6612,6660,6500.2,2397.37007587]
[1523010600000,6580,6502.2,6587,6501,1045.74930318]
[1523008800000,6575.4,6580,6593.6,6562,449.36635474]
[1523007000000,6547.6,6575.3,6599,6546.9,436.31615985]
[1523005200000,6594.4,6547.5,6598.9,6545.8,518.78007557]
[1523003400000,6577.31467865,6594.6,6610,6564,704.56017095]
[1523001600000,6619.3,6577.6,6619.4,6571.1,877.48742901]
[1522999800000,6598.7,6619.4,6671.07033639,6560.1,1953.01541911]
[1522998000000,6577.1,6598.6,6611.6,6561,2428.4847342]
[1522996200000,6519.9,6578.3,6590,6519.8,2992.709645]
[1522994400000,6760,6519.9,6760.2,6501,5778.11137732]
[1522992600000,6790,6760,6800.5,6750,767.03462789]
[1522990800000,6786.4,6794,6864,6782.3,1021.2992853]
[1522989000000,6791.3,6786.4,6804,6776.5,258.78984681]
[1522987200000,6756.3,6790.8,6805,6746.6,924.23796132]
[1522985400000,6742.8,6755,6781.7,6742.8,303.94772698]
[1522983600000,6765,6742.9,6769.1,6734.1,554.94425357]
[1522981800000,6733.6,6765,6779.96854224,6728.2,1012.35555169]
[1522980000000,6792.1,6734.9,6820,6716.2,1028.45201941]
[1522978200000,6785.6,6792.1,6800,6773.7,264.53069543]
[1522976400000,6799,6783.4,6826.8,6750.9,821.21280127]
[1522974600000,6813.1,6799.1,6845.4,6790.8,481.11276995]
[1522972800000,6770.4,6820,6827.2,6761,390.83206401]
[1522971000000,6800,6769,6817.64071538,6757.1,367.85899708]
[1522969200000,6823.20418315,6800,6850.9,6780,766.29234281]
[1522967400000,6750,6823.20418315,6836.7,6750,955.35982063]
[1522965600000,6719.7,6753.7,6777.1,6719.6,395.90713658]
[1522963800000,6719.6,6719.6,6733.7,6705.2,257.85161903]
[1522962000000,6749.6,6719.5,6749.9,6681,783.58917405]
[1522960200000,6773.7,6749.5,6773.7,6730.2,332.78620055]
[1522958400000,6763.1,6773.6,6786.4,6745.5,401.91333372]
[1522956600000,6733.8,6763.1,6810,6728.2,1067.37641243]
[1522954800000,6700.9,6733.8,6750,6694,475.98981058]
[1522953000000,6722.9,6694.7,6761.8,6677.3,648.8332912]
[1522951200000,6692.6,6723,6744.5,6671.2,435.31511001]
[1522949400000,6751.3,6692,6757.3,6666,794.36869324]
[1522947600000,6706.4,6751.3,6791.2,6696.4,870.32495015]
[1522945800000,6691.2,6706.5,6763.9,6657,1105.78473835]
[1522944000000,6739,6691.2,6758.8,6657.2,953.94662614]
[1522942200000,6731.9,6739,6779.3,6724.5,672.54087642]
[1522940400000,6758,6732,6767.7,6700,1218.75075634]
[1522938600000,6847.7,6758.1,6860.1,6745.8,1298.2813865]
[1522936800000,6836.9,6847.6,6912.8,6804,1703.81373284]
[1522935000000,6657.4,6836.8,6867.9,6648.9,2773.48038479]
[1522933200000,6655.9,6657.6,6682.4,6621,604.93441857]
[1522931400000,6670.2,6656,6704,6610.6,1489.85204324]
[1522929600000,6781.8,6670.2,6787,6650,2206.24571304]
[1522927800000,6788.2,6781.8,6813,6777,520.51063557]
[1522926000000,6788.1,6791.2,6813,6752.9,546.41686612]
[1522924200000,6759.1,6786.5,6815.1,6752.3,450.88202662]
[1522922400000,6842,6759.1,6842.1,6758.9,1100.70527624]
[1522920600000,6841.2,6842,6880.8,6830,548.97153251]
[1522918800000,6860,6842.9,6893.9,6829.2,705.88296802]
[1522917000000,6833.4,6859.9,6938,6817,2174.22987728]
[1522915200000,6788,6831.6,6846.2,6773.40430098,928.93910582]
[1522913400000,6791.6,6788,6824.1,6775,591.00821048]
[1522911600000,6740.1,6791,6814.1,6703.4,833.17995704]
[1522909800000,6785.4,6740.2,6814.8,6726.1,821.84423649]
[1522908000000,6848.9,6783.9,6865.5,6780.3,733.17950371]
[1522906200000,6804.3,6849,6865.6,6771.3,842.76875165]
[1522904400000,6781.3,6804.2,6822.9,6760.6,691.44695877]
[1522902600000,6821.9,6781,6837.6,6752.6,634.16303052]
[1522900800000,6762.6,6821.9,6870.8,6745,1446.10754628]
[1522899000000,6592.7,6763.3,6795,6587.6,1846.54462265]
[1522897200000,6607,6593.1,6640,6593.1,571.3014839]
[1522895400000,6637.8,6607,6643.3,6587.5,758.21257161]
[1522893600000,6608,6638,6652.9,6595,1106.95191474]
[1522891800000,6590.1,6606.79844228,6622,6564.9,1754.37268837]
[1522890000000,6695,6590.1,6707.9,6586,1907.33714248]
[1522888200000,6814.9,6695,6819.91932173,6681.1,1330.56055725]
[1522886400000,6785.9,6814.8,6814.9,6769.9,425.13579195]
[1522884600000,6759.5,6786,6832.6,6759.5,668.09241262]
[1522882800000,6748.9,6759.5,6785.7,6709,814.68998019]
[1522881000000,6796.8,6749,6799.7,6670,1715.97435797]
[1522879200000,6816.3,6795.4,6820.2,6786.4,468.34856089]
[1522877400000,6786.9,6816.3,6842.9,6754.7,678.66179663]
[1522875600000,6826.2,6786.9,6855.2,6776.8,613.08298621]
[1522873800000,6882.4,6826.2,6895.1,6826.2,449.33401168]
[1522872000000,6855.5,6889.9,6899,6855.2,552.3940439]
[1522870200000,6808.8,6855.6,6882.7,6773,909.59465446]
[1522868400000,6843.3,6805.3,6843.6,6763.4,689.38741254]
[1522866600000,6781.5,6845.4,6845.4,6762.9,1286.00931526]
[1522864800000,6839.9,6781.4,6857.9,6725,1753.68189687]
[1522863000000,6824.8,6840,6863.7,6816,489.02252047]
[1522861200000,6887.6,6824.8,6887.8,6810.1,859.13220689]
[1522859400000,6860.4,6885.3,6909.4,6839.3,874.8373116]
[1522857600000,6789,6860.4,6867,6789,1428.55492034]
[1522855800000,6889.1,6789,6902.4,6750,2237.04377067]
[1522854000000,6869.4,6889.1,6910,6865.1,1556.70306156]
[1522852200000,6880.7,6869.4,6900,6840,1776.61951392]
[1522850400000,7072.9,6879.7,7073.1,6844.5,4632.47320679]
[1522848600000,7080,7074.5,7110.2,7060,580.95028944]
[1522846800000,7061.2,7080,7089.2,7052.4,732.04795085]
[1522845000000,7032.7,7061.2,7082.5,7010,793.56139284]
[1522843200000,7066.4,7032.7,7074.9,7031,473.63441233]
[1522841400000,7055.3,7067.3,7076.5,7001,859.75745096]
[1522839600000,7099,7055.4,7103,7005,1142.11196264]
[1522837800000,7118,7099,7120,7081.1,868.31269917]
[1522836000000,7089.5,7118,7168,7029,2418.36798155]
[1522834200000,7143,7089.5,7192.9,7000.2,4779.82377707]
[1522832400000,7310,7143,7310.1,7130,3699.7587257]
[1522830600000,7330.8,7310,7340.1,7281.9,577.38243885]
[1522828800000,7316.8,7329.7,7347.8,7307.12325836,506.59773776]
[1522827000000,7372.6,7316.8,7378.8,7315.6,594.01381483]
[1522825200000,7347.9,7372.6,7384.44692145,7345.2,380.32705662]
[1522823400000,7362.5,7347.8,7366.7,7343.8,211.51461996]
[1522821600000,7358.7,7362.5,7377.81793362,7333.3,337.88619629]
[1522819800000,7382.4,7358.8,7395,7345.2,417.330188]
[1522818000000,7307.7,7381.6,7384.4,7305.61191654,1762.06759864]
[1522816200000,7290,7307.6,7320.2,7269.5,1265.41590031]
[1522814400000,7292,7290,7308.5,7283,330.02716713]
[1522812600000,7322.5,7291.9,7323.9,7282.2,319.1121656]
[1522810800000,7283.7,7322.5,7345.7,7269.3,776.38003023]
[1522809000000,7314.9,7283.6,7315,7253.3,1233.5295387]
[1522807200000,7326.1,7314.9,7333.8,7299,788.53838269]
[1522805400000,7334.1,7330,7336.6,7284,1089.28067742]
[1522803600000,7398.1,7334.1,7408.8,7300,1553.50820994]
[1522801800000,7383.3,7397.2,7422,7371.3,294.78003984]
[1522800000000,7405.6,7383.3,7408.1,7370,479.17241115]
[1522798200000,7422.9,7405.6,7430.3,7387.9,434.88506667]
[1522796400000,7391.7,7422,7450,7361.7,623.58051596]
[1522794600000,7399.8,7391.8,7410.1,7380.2,229.04302237]
[1522792800000,7427.1,7399.7,7427.2,7347,1078.975243]
[1522791000000,7411.4,7427.1,7434.9,7410.82607095,337.16716074]
[1522789200000,7403.4,7411.4,7417.7,7375,783.60395586]
[1522787400000,7473.2,7402.11120658,7473.2,7390,1171.49904656]
[1522785600000,7465.70336219,7473.1,7488,7460,329.94683012]
[1522783800000,7487.2,7465.8,7509.7,7450,1594.63808333]
[1522782000000,7473.73960532,7486.9,7490,7453.1,499.97883452]
[1522780200000,7434,7473.73960532,7493,7433,1134.56234699]
[1522778400000,7428.3,7434.1,7453,7419,760.18779157]
[1522776600000,7384.3,7428.3,7434,7384.3,719.17362031]
[1522774800000,7398.3,7384.3,7411,7370.4,522.81094563]
[1522773000000,7425.1,7399.1,7438.9,7387.6,552.6022789]
[1522771200000,7382.3,7425,7458,7359.8,1321.57529542]
[1522769400000,7365.2,7382.3,7422,7358,1206.15650479]
[1522767600000,7354.9,7355.80257674,7383.4,7340,703.36354469]
[1522765800000,7313.3,7353.5,7366,7310.8,788.22868671]
[1522764000000,7337.0071711,7313.21796796,7358,7262.5,2421.36458494]
[1522762200000,7378,7337.0071711,7389.6,7296.4,1006.80055974]
[1522760400000,7365,7372.62487144,7430.9,7353,1433.73721249]
[1522758600000,7367.4,7365.5,7379.4,7351,463.52462869]
[1522756800000,7307.8,7367.4,7375.1,7302.8,622.56324372]
[1522755000000,7319,7308,7328.1,7284.1,562.11363197]
[1522753200000,7303.1,7320.5,7340,7303,672.09245199]
[1522751400000,7369.8,7303,7372.04828655,7270.3,1855.8368019]
[1522749600000,7361,7369.8,7394,7361,555.98498713]
[1522747800000,7371.8,7360.9,7384.8,7347.2,758.84939699]
[1522746000000,7345.9,7370.1,7379,7322,675.8717147]
[1522744200000,7398.1,7345.9,7398.1,7331,966.17991192]
[1522742400000,7393.4,7398.1,7404,7368.53400165,1086.14160403]
[1522740600000,7338.2,7393.5,7427,7336.5,2391.88174769]
[1522738800000,7338.1,7336,7349,7314,443.39874183]
[1522737000000,7351.1,7338,7365,7305,851.17061687]
[1522735200000,7334.4,7351,7351.9,7317.5,1108.20987989]
[1522733400000,7319.1,7333.9,7345.7,7280,1670.16776588]
[1522731600000,7363.3,7319.2,7390,7289,1590.9626628]
[1522729800000,7269,7363.2,7385,7250,3112.23013078]
[1522728000000,7182,7269,7316.1,7181.5,3955.58229773]
[1522726200000,7159.3,7180,7187.9,7140.2,710.78390929]
[1522724400000,7188.1,7159.7,7192,7142.6,1051.9993221]
[1522722600000,7067.4,7188.1,7198,7048.3,2117.80132106]
[1522720800000,7033.4,7067,7081,7033,424.16912978]
[1522719000000,7042.3,7033.5,7045.6,7020,264.06641284]
[1522717200000,7030.9,7042.3,7056.4,7025,317.43188347]
[1522715400000,7059.5,7027.1,7066.3,7019.9,891.26457369]
[1522713600000,7053.4,7058.5,7106.5,7053.4,1084.98706598]
[1522711800000,7025.5,7053.3,7062,7008.5,679.03985407]
[1522710000000,7030,7025.5,7068,7007.4,1366.06547638]
[1522708200000,7015.7,7030,7039.72185108,7001.3,421.65463259]
[1522706400000,6976.23775532,7014.9,7065,6975.7,863.40687108]
[1522704600000,6990.3,6976.2,7010,6971.9,487.01641229]
[1522702800000,6941.3,6990.3,7021,6921,1256.02830991]
[1522701000000,6928.5,6941.2,6946.2,6891.9,874.45434936]
[1522699200000,6989.7,6928.4,6997,6891.9,1287.65474376]
[1522697400000,6992.4,6988.7,7002.68946189,6950,596.72307894]
[1522695600000,6970,6992.4,7014.7,6954.8,322.06403824]
[1522693800000,6970.4,6970,7010,6962.1,542.16761799]
[1522692000000,6984.6,6970.2,6986.4,6941.41992761,437.85968649]
[1522690200000,6990.0172464,6984.8,7013,6965,434.06147632]
[1522688400000,7017.1,6990.1,7017.1,6947,649.25528849]
[1522686600000,7039.7,7017,7041.6,6982.76466098,754.39123608]
[1522684800000,7027.4,7037.4,7051.6,7001,862.06573067]
[1522683000000,6942.6,7025.1,7060,6942.5,1394.20861449]
[1522681200000,6918,6942.5,6954.3,6916.2,659.95062242]
[1522679400000,6923.2,6917.8,6935,6884.5,877.82070195]
[1522677600000,7010,6923.1,7010.1,6913,1028.96353635]
[1522675800000,7027.8,7010,7032,6971,657.89512338]
[1522674000000,6996.7,7027.8,7043,6996.6,438.30326938]
[1522672200000,6990,6996.6,7022.96879764,6986.6,722.88044853]
[1522670400000,7041.8,6990.1,7049,6981,851.96682479]
[1522668600000,7107.1,7045,7107.2,7025.3,887.84031011]
[1522666800000,7061.8,7107.9,7119,7040,1535.85257928]
[1522665000000,7039.1,7061.8,7072,7026.4,640.69430943]
[1522663200000,7072.8,7039.1,7072.9,7010,855.23287757]
[1522661400000,7061.4,7074,7074,7037,477.51880118]
[1522659600000,7064.3,7061.3,7090.00358816,7033.9,935.16363345]
[1522657800000,7047.6,7064.3,7065.9,7022.9,539.89460881]
[1522656000000,7070,7049.9,7104.3,7030.1,1955.73661777]
[1522654200000,6953.2,7070,7132,6934.54804874,4408.22584605]
[1522652400000,6889.2,6952.5,6963,6872.3,476.50892979]
[1522650600000,6927,6889.1,6939.2,6880.6,300.80008443]
[1522648800000,6904.9,6926.7,6958.2,6890.3,494.19239872]
[1522647000000,6889.2,6904.9,6928,6889,409.21980223]
[1522645200000,6885.9,6887.8,6893.8,6843.9,642.52089246]
[1522643400000,6967.3,6885.5,6969.9,6877,774.18992622]
[1522641600000,6984.1,6970,7015.1,6937,998.12059952]
[1522639800000,6955.5,6984,7025,6942,779.08787719]
[1522638000000,6978,6955.5,6979.8,6936.3,407.91582967]
[1522636200000,6957.2,6974.4,6980,6948.8,356.66087224]
[1522634400000,6932.7,6957.2,6962.1,6914.9,685.46023944]
[1522632600000,6977.7,6932.6,7009,6921,954.68488738]
[1522630800000,6999.8,6977.7,7014.8,6953.7,1651.7695376]
[1522629000000,6794.7,6999.2,7064,6782.06055468,4381.54261884]
[1522627200000,6816.7,6797.4,6820.1,6769.4,1003.85553544]
[1522625400000,6805.5,6816.6,6826,6768,491.43363277]
[1522623600000,6808,6806.6,6830,6770,459.35545999]
[1522621800000,6805,6808,6817,6755.8,1032.7580954]
[1522620000000,6825,6805,6858,6800,514.15403888]
[1522618200000,6880,6825.1,6880,6798,1099.70837315]
[1522616400000,6882.3,6880.1,6914.3,6862.3,373.89412735]
[1522614600000,6940.6,6882.2,6940.7,6882.2,466.8001854]
[1522612800000,6900,6941,6950,6843,975.67785125]
[1522611000000,6923.9,6900,6968.3,6883.6,1258.71512362]
[1522609200000,6825.5,6924,6989,6807.9,2828.75440235]
[1522607400000,6768,6825.3,6830,6742,1173.06658542]
[1522605600000,6829.7,6768.1,6857.3,6768,1162.38651583]
[1522603800000,6794.4,6829.8,6864.4,6783.1,981.33449756]
[1522602000000,6801.8,6794.4,6859.8,6772.3,1330.11032956]
[1522600200000,6756,6801.7,6874.7,6755,3067.46547131]
[1522598400000,6440.1,6756.88669407,6824,6425.1,6401.80404507]
[1522596600000,6488.9,6443.2,6500,6438,938.20297819]
[1522594800000,6506.08995473,6489,6540,6488,825.40938432]
[1522593000000,6469.8,6506,6538.9,6449.1,1760.45090647]
[1522591200000,6544.1,6469.8,6544.2,6459,3053.55051566]
[1522589400000,6529.6,6544.1,6598,6511.1,1859.51302369]
[1522587600000,6689.3,6529.7,6690,6528,2018.50519917]
[1522585800000,6707.6,6689.5,6714.7,6680,409.06414697]
[1522584000000,6689.9,6709,6735,6683.1,726.53669458]
[1522582200000,6649.3,6689.9,6710,6649.3,1009.73842288]
[1522580400000,6706,6649.51516392,6706.1,6638,671.36242985]
[1522578600000,6669.8,6706.1,6725,6669.8,578.39280728]
[1522576800000,6747.8,6668.4,6750,6654,652.86694761]
[1522575000000,6691.8,6745.9,6761.9,6662,1435.33238409]
[1522573200000,6708.3,6692.7,6709,6615.7,1878.53465986]
[1522571400000,6710.1,6708,6724.3,6690.8,592.21176158]
[1522569600000,6710,6710,6737.1,6689.1,897.8224992]
[1522567800000,6758.1,6710.1,6758.1,6666,2212.57705787]
[1522566000000,6842.06892981,6758.1,6850,6733,2483.82489504]
[1522564200000,6826.6,6842,6856,6825,736.00032693]
[1522562400000,6925,6827.9,6927,6815.1,1242.71811887]
[1522560600000,6937.9,6925,6948.1,6906,602.27718721]
[1522558800000,6939,6939,6960.3,6932.8,245.16905559]
[1522557000000,6952.1,6940.31819448,6954,6920,278.06241356]
[1522555200000,6920,6952.1,6969.9,6917.7,344.02186472]
[1522553400000,6946.6,6919.9,6958.4,6916.9,277.63431812]
[1522551600000,6923.9,6945,6954,6891,544.12530486]
[1522549800000,6979.9,6923.4,6980,6883.7,606.80397547]
[1522548000000,6998.6,6982.3,7009.9,6971.3,280.03106797]
[1522546200000,7015,6998.7,7035.1,6998.3,514.29292181]
[1522544400000,6980.7,7014.9,7015,6975.9,168.61552877]
[1522542600000,7020,6980.8,7020,6969.8,433.74203079]
[1522540800000,6925.3,7020,7020,6925.3,1030.83749746]
[1522539000000,6902.7,6925.4,6939.2,6901.1171077,209.86489291]
[1522537200000,6951.8,6902.8,6966,6883,522.66610292]
[1522535400000,6928.9,6951.8,6985.2,6927.6,504.698522]
[1522533600000,6921.7,6928.4,6948,6891.9,509.85004053]
[1522531800000,6910.1,6924.5,6945.6,6894.1,463.84031066]
[1522530000000,6892.3,6913.2,7001.58530181,6810,2254.33687178]
[1522528200000,6912.4,6896,6955.4,6881,1086.86258868]
[1522526400000,7049.9,6913.7,7063.2,6877,1603.62601319]
[1522524600000,7022.1,7049.9,7065.9,7009.1,343.81901415]
[1522522800000,7024,7022,7059,6970.8,1021.39089242]
[1522521000000,7080.6,7027.1,7096.1,7014.3,676.22461854]
[1522519200000,7111.1,7080.6,7127.8,7077.2,736.93789882]
[1522517400000,7088,7111,7112.8,7052.6,1291.68597337]
[1522515600000,7142.9,7088,7170,7079.6,881.74465642]
[1522513800000,7118.8,7143.1,7170,7104,958.08237077]
[1522512000000,7049.9,7118,7160,7049.9,925.17173385]
[1522510200000,7070.9,7050,7071,7039.9,225.86448679]
[1522508400000,7070.2,7070,7071.9,7018,681.03346118]
[1522506600000,7026,7070.2,7089,7001.2,903.5601131]
[1522504800000,7040.5,7026,7068.3,7001.4,1078.64760982]
[1522503000000,7065.5,7040.5,7110,7030,794.35850485]
[1522501200000,7190,7065.4,7190.1,7058.9,1713.42484674]
[1522499400000,7097.6,7190,7222,7097.6,6542.60328126]
[1522497600000,7090.6,7097.7,7159,7053,5904.73568227]
[1522495800000,7075,7091,7146.8,7050,1903.44942199]
[1522494000000,7109.1,7075,7149,7050,1863.05805408]
[1522492200000,7121,7109,7214,7079,7003.6435382]
[1522490400000,7007,7121,7138.1,6967.1,4729.50565152]
[1522488600000,6900.2,7012,7025,6895.8,2522.50940262]
[1522486800000,6894.3,6900.3,6927.1,6869.2,481.03649857]
[1522485000000,6934.2,6894,6940.31819448,6883.61221989,655.47652216]
[1522483200000,6814.2,6934.1,6976,6814,1540.68345525]
[1522481400000,6807.7,6814.2,6842,6797.4,672.18879318]
[1522479600000,6807.6,6809,6839.4,6780.06217933,834.96539465]
[1522477800000,6903,6807.8,6914.5,6781,1173.3658077]
[1522476000000,6907.2,6903,6925.8,6862,870.37486421]
[1522474200000,6968.1,6907.2,6968.2,6864,986.42617143]
[1522472400000,7018.3,6970,7018.4,6939,544.0790757]
[1522470600000,7034.5,7018.9,7049,7004,352.07560226]
[1522468800000,6962.2,7033.2,7041,6947.7,521.80152526]
[1522467000000,7011.1,6962.2,7039.3,6950,743.78031489]
[1522465200000,7039,7011.4,7039.1,6963.74022746,1443.8783422]
[1522463400000,7016,7040.1,7072.1,7008.2,599.40412723]
[1522461600000,7071.2,7016,7105,6994,1378.26056058]
[1522459800000,7052.6,7070.3,7100.9,7009.6,1389.74125249]
[1522458000000,6991.9,7051.5,7069.3,6941.1,1145.20679668]
[1522456200000,6973.1,6991.2,7043.2,6951.1,815.53089366]
[1522454400000,6840.4,6973.1,7040.8,6838,2018.57907548]
[1522452600000,6819,6840.4,6903.33603714,6818.9,731.79576117]
[1522450800000,6781.3,6819,6837.2,6754,440.31536569]
[1522449000000,6860.7,6776.2,6860.7,6740,1170.00662826]
[1522447200000,6910.5,6860.6,6910.5,6846,490.52106823]
[1522445400000,6886.1,6910.5,6950,6866.1,1005.71749403]
[1522443600000,6838.9,6886.2,6892.3,6825,713.3974303]
[1522441800000,6769.9,6837.9,6922,6765.6,1380.03202825]
[1522440000000,6809.7,6769.8,6825.8,6741,1018.90108555]
[1522438200000,6747.9,6809.7,6877.69507472,6746,1604.98121685]
[1522436400000,6735,6747.9,6819.8,6730,1718.96662797]
[1522434600000,6686.4,6729,6749,6665,1123.87446569]
[1522432800000,6716.5,6682.4,6731.6,6648.1,1621.55792318]
[1522431000000,6616.9,6716.5,6749,6615.1,2333.44036371]
[1522429200000,6668.8,6616.9,6720.4,6592,4599.46789278]
[1522427400000,6836.9,6670,6877,6533,9295.48926603]
[1522425600000,6791.7,6837,6850.4,6690,3347.07376834]
[1522423800000,6669.8,6791.52664811,6792.9,6669.4,2860.52001307]
[1522422000000,6831.9,6669.7320766,6831.9,6657.77451239,4331.60333704]
[1522420200000,6881.7,6834.1,6903.33603714,6830,799.97108091]
[1522418400000,6878.3,6881.27001659,6939.9,6854.5,870.52180299]
[1522416600000,6943.5,6878.3,6955,6825,1648.01952057]
[1522414800000,7029.9,6943.4,7036.8,6920,1340.78378006]
[1522413000000,6985.7,7035.9,7035.9,6950,753.26600344]
[1522411200000,7013.8,6989.2,7032.5,6919.2,947.45688536]
[1522409400000,6961.5,7013.9,7045.9,6935.10924496,888.70575702]
[1522407600000,6889.4,6961.5,6999,6888.1,1213.49333881]
[1522405800000,7063,6889.4,7080.29224091,6875,3083.09347273]
[1522404000000,7022.8,7063,7072,7012,1008.20899657]
[1522402200000,7102,7022.8,7111.5,7022.7,1115.67417594]
[1522400400000,7085.7,7102,7161.7,7080,855.53465759]
[1522398600000,7190.1,7085.7,7200,7075,1561.38516451]
[1522396800000,7208.5,7190,7269,7161.4,2296.92447369]
[1522395000000,7130,7208.4,7249.9,7092,3014.65472186]
[1522393200000,7041.9,7130,7156.9,6961.7,1564.28712089]
[1522391400000,7126.6,7041.9,7160,6996,1394.53180725]
[1522389600000,7120.6,7125.6,7188,7040.2,2760.02108433]
[1522387800000,6917.3,7120.9,7199.5,6855,5162.35553558]
[1522386000000,6708.9,6917.4,6973.6388273,6705.8,3246.24991621]
[1522384200000,6690.07144617,6709,6724.9,6649,1944.82263883]
[1522382400000,6863.8,6690.07144617,6870,6614.92978566,3609.00801585]
[1522380600000,6850.1,6863.6,6918,6810.1,2115.68024635]
[1522378800000,6835,6850.1,6899,6799.3,2135.60481656]
[1522377000000,6828,6835,6857.9,6750,2418.00830366]
[1522375200000,6883.5,6827.9,6932,6802,2335.4408207]
[1522373400000,6751.5,6882.2,6886.88686224,6727,3771.02766356]
[1522371600000,6825,6751.6,6829.6,6657,6264.42811177]
[1522369800000,7010.1,6825,7010.2,6800,5443.83997868]
[1522368000000,7094,7010.1,7179.6,6950,2858.69541896]
[1522366200000,7141.5,7094,7168.8,7054.8,1416.4274072]
[1522364400000,7178.2,7139.3,7225,7102.5,1731.07641066]
[1522362600000,7254.9,7178.2,7266.5,7132,2342.36312231]
[1522360800000,7084.8,7254.9,7350,7026,5584.17573225]
[1522359000000,7160,7083.9,7199.5,6883,7832.26682849]
[1522357200000,7110,7158.7,7262.44123885,6978.7,8468.86191956]
[1522355400000,7293.4,7110.1,7297.2,7102.5,4448.29486322]
[1522353600000,7343.8,7291.9833727,7362,7248.1,2724.33488675]
[1522351800000,7419.8,7343.9,7431,7324.7,977.77793455]
[1522350000000,7434.9,7420.1,7474.7,7418.6,420.55689905]
[1522348200000,7423.6920528,7435,7455.2,7407.1,425.79945106]
[1522346400000,7433.5,7423.6920528,7463.3,7405,515.31869267]
[1522344600000,7494.20659432,7433.5,7510.5,7410,575.26265669]
[1522342800000,7493.9,7494.20659432,7512,7458.1,460.2263184]
[1522341000000,7507.8,7493.8,7537.6,7471,694.21569239]
[1522339200000,7472.9,7507.10671949,7563.9,7470.4,1791.55242267]
[1522337400000,7412.2,7473,7477.6,7376,905.2407817]
[1522335600000,7401.9,7412.1,7440,7382.1,879.39324688]
[1522333800000,7350,7401.9,7445,7326.4,1646.46831118]
[1522332000000,7470.1,7350.6,7485,7333,3090.00026907]
[1522330200000,7513.8,7470,7516,7439.84276392,903.88928027]
[1522328400000,7500.1,7513.7,7535.6,7500,590.16260396]
[1522326600000,7514.5,7500,7514.9,7467,567.06988948]
[1522324800000,7473.9,7512.9,7559.9,7473.9,1039.39470651]
[1522323000000,7460,7474,7480.8,7426.7,1319.20759376]
[1522321200000,7476.9,7460,7502,7460,678.11663442]
[1522319400000,7449.1,7476.8,7512,7445.3,1087.59148766]
[1522317600000,7520,7448.6,7536.7,7419,1064.38166504]
[1522315800000,7504.1,7520.1,7527.1,7475,681.92638814]
[1522314000000,7542.5,7504.1,7572,7485,719.541786]
[1522312200000,7539.34244551,7544.7,7581.7,7514,803.78208223]
[1522310400000,7534,7539.1,7553.9,7466.6,1255.93581764]
[1522308600000,7545.9,7534.1,7546.2,7478,1930.75160338]
[1522306800000,7614,7543,7617.9,7540.7,894.43997951]
[1522305000000,7597.1,7613.9,7626,7552,1209.62382897]
[1522303200000,7548.1423116,7598.1,7605,7516,1500.02248432]
[1522301400000,7621.2,7542,7651.9,7521,2320.55573384]
[1522299600000,7583.7,7621.2,7667.25730936,7577,1717.00104503]
[1522297800000,7710.5,7583.9,7712.3,7580,4085.24721978]
[1522296000000,7861.1,7710.2,7861.1,7661,3355.1242445]
[1522294200000,7868.1,7861.1,7888.8,7840,343.58448942]
[1522292400000,7895,7868.1,7895.1,7821,666.11190294]
[1522290600000,7897.70080665,7895,7900,7848.7,309.33814413]
[1522288800000,7883.8,7896.9,7899.6,7870.96026874,327.0728701]
[1522287000000,7958.6,7883.77601041,7958.6,7866.2,556.66960473]
[1522285200000,7946.82091458,7958.6,7973,7933.3,143.31773774]
[1522283400000,7913.9,7946.82091458,7946.9,7908.9,231.49208495]
[1522281600000,7936.1,7912.5,7957.65569768,7905,186.36560977]
[1522279800000,7966,7936,7969.7,7909,246.38679525]
[1522278000000,7946.1,7966.3,7970.9,7937.1,153.20651084]
[1522276200000,7975.7,7948.3,8005,7935.4,354.71229638]
[1522274400000,7869.5,7975.7,8004,7861.8,1011.16790487]
[1522272600000,7900,7869.62308498,7900.1,7815.7,717.20997791]
[1522270800000,7892.6,7900,7920,7875,236.96315325]
[1522269000000,7925,7892.6,7933,7877,295.77515873]
[1522267200000,7897.2,7925,7948.5,7895,399.38231894]
[1522265400000,7916.1,7896.8,7925,7871.22367794,269.97007028]
[1522263600000,7939,7916,7944.4,7896,327.52377116]
[1522261800000,7895.6,7940,7946,7895.55708596,245.71297129]
[1522260000000,7920.9,7895,7922.7,7871.5,272.13917725]
[1522258200000,7894.2,7919.1,7941,7890.05473327,382.35700551]
[1522256400000,7877.50601617,7894.2,7918,7857.3,446.7263506]
[1522254600000,7901.1,7876.27129736,7925,7870,471.65161228]
[1522252800000,7859.2,7901.1,7901.1,7829.7,783.21276592]
[1522251000000,7904.2,7859.3,7920.1,7762,2228.34710973]
[1522249200000,7891.98145939,7904.1,7933.5,7875.49249627,642.47366386]
[1522247400000,7917.3,7891.9,7932.7,7890.00590198,480.70522301]
[1522245600000,8033.8,7917.2,8037,7871,1939.25344097]
[1522243800000,8030.1,8033.9,8049.4,8007,462.70484089]
[1522242000000,8021.2,8030,8053.4,8020,649.74954165]
[1522240200000,8010,8021.1,8033.4,8000.4,858.34360905]
[1522238400000,8043.4,8010,8074,8003.6,922.47748349]
[1522236600000,8060.2,8043.4,8062.1,8016.2,818.12118822]
[1522234800000,8042.4,8060,8120.2,8042,1484.54725183]
[1522233000000,8059.9,8043.1,8070,8030.9,618.46596325]
[1522231200000,8086.4,8060,8110,8049,1211.99148635]
[1522229400000,8009,8086.4,8108,8000.1,1479.64982886]
[1522227600000,7895,8009,8058.4,7894.9,2897.00932629]
[1522225800000,7880.3,7895,7910,7880.3,374.56885091]
[1522224000000,7869.9,7880.3,7899,7848,341.33196943]
[1522222200000,7889.1,7870.6,7911.9,7851.1,228.97884976]
[1522220400000,7895,7889.2,7945,7876,1159.31128771]
[1522218600000,7867.3,7895,7904.9,7867.3,471.55775321]
[1522216800000,7844.2,7867,7927.2,7842.7,433.47842156]
[1522215000000,7846.9848504,7844.3,7860,7835.7,112.53957741]
[1522213200000,7833,7853,7865.8,7806.9,453.59329045]
[1522211400000,7835,7832.9,7870.5,7820,335.58905263]
[1522209600000,7861.1,7835,7863.7,7812.9,479.25840207]
[1522207800000,7839,7861.2,7866,7834.3,238.64646064]
[1522206000000,7810,7839.1,7914.2,7809.9,841.40435277]
[1522204200000,7804.5,7810,7810,7725,934.80060632]
[1522202400000,7813.8,7804.6,7835.8,7793.9,506.39277074]
[1522200600000,7791.1,7813.8,7831.2,7761.3,509.63478423]
[1522198800000,7780,7791.1,7838,7765.8,950.3891781]
[1522197000000,7752.1,7780,7816.9,7731,1339.70696518]
[1522195200000,7784.7,7752.1,7826,7702.1,2057.57546096]
[1522193400000,7914.5,7784.6,7914.6,7756,2316.59315948]
[1522191600000,7965.4,7914.5,7985.2,7870.1,702.20098538]
[1522189800000,7947,7965.5,8002,7907.3,627.29080553]
[1522188000000,7994.7,7946.9,7995,7895,738.71868215]
[1522186200000,7980.2,7994.9,8010,7969.2,193.21860829]
[1522184400000,7984.6,7981.1,8041,7961.4,775.723375]
[1522182600000,7875.8,7980.1,8031.2,7862,1450.87938371]
[1522180800000,7883.1,7875.7,7930,7870.1,521.91894289]
[1522179000000,7881.6,7883,7900,7818,737.07216142]
[1522177200000,7881.2,7881.5,7901.5,7851,360.52429057]
[1522175400000,7904.6,7882,7905.8,7830,872.37590688]
[1522173600000,7900,7904.6,7936.9,7881.6,554.83182567]
[1522171800000,8038.8,7900,8040.6,7855.1,2064.16601023]
[1522170000000,8088.1,8038.8,8104.5,7981,995.09621998]
[1522168200000,8088.4,8088.1,8119,8060,508.44419855]
[1522166400000,8054.9,8088.4,8119.5,8044,698.54811675]
[1522164600000,8038.8,8054.9,8082,8038.4,575.55212937]
[1522162800000,8051.4,8035.6,8135.1,8021,2118.11388895]
[1522161000000,8045.8,8049.9,8083.3,8017.9,628.6956232]
[1522159200000,8090,8045.7,8113,8013.1,1430.84611331]
[1522157400000,7949.5,8089.5,8120,7933,1957.44472564]
[1522155600000,7935.9,7950,7976.2,7926.9,441.27691727]
[1522153800000,7930.1,7935.8789893,7992,7900,1022.96084176]
[1522152000000,7921.9,7930,7942.4,7866,628.31400748]
[1522150200000,7934,7923.6,7944.7,7850,859.88684097]
[1522148400000,7987.3,7932.7,7998.38589521,7910,691.83774191]
[1522146600000,7945.1,7987.2,8064.6,7932.7,992.61376645]
[1522144800000,7903.5,7950,7978.1,7903.5,482.26195719]
[1522143000000,7946.2,7903.5,7946.29564733,7872,550.6323938]
[1522141200000,7933.8,7947,7979,7899.3,668.13273319]
[1522139400000,7956,7930.1,8018.6,7914.6,734.19052284]
[1522137600000,7916.2,7957.6,8023.8,7811.1,1372.88729085]
[1522135800000,7902,7916.2,7945.8,7884,571.72822888]
[1522134000000,7959.9,7902.1,7976,7836,1166.04530669]
[1522132200000,7930.1,7959.8,8031.2,7921,1673.80283295]
[1522130400000,7923.8,7930.3,7949.7,7869.9,879.89321724]
[1522128600000,7767.2,7924,7938,7742.9,2237.98132313]
[1522126800000,7759,7767.2,7792,7748,1080.8265973]
[1522125000000,7870,7756.7,7870.1,7716.6,2254.8402182]
[1522123200000,7847.5,7870,7909.7,7821,955.32473511]
[1522121400000,7860.1,7847.4,7886,7810,665.00695517]
[1522119600000,7840,7860.1,7909.8,7825.6,1632.7265754]
[1522117800000,7884.3,7840.0898629,7914,7800,1204.80780482]
[1522116000000,8029.6,7884.2,8053.3,7850,3596.13896884]
[1522114200000,8182.7,8032.74217591,8187,8020,1286.22421196]
[1522112400000,8184.2,8181.2,8199,8162.00727023,256.40102126]
[1522110600000,8164,8183.9,8210,8163.9,464.51387111]
[1522108800000,8134,8163.9,8201,8128,1199.74334156]
[1522107000000,8194.3,8131.12312438,8205.4,8119,746.52976576]
[1522105200000,8175.1,8194.3,8277.8,8153.2,1112.40214026]
[1522103400000,8176.3,8175,8208.9,8147.7,1145.45215296]
[1522101600000,7872,8177.1,8228,7863.1,5562.77658275]
[1522099800000,7893,7872,7899.4,7860,320.6415472]
[1522098000000,7883.1,7893.1,7927,7835.9,962.50545541]
[1522096200000,7921.4,7881,7921.4,7842.1,858.28174583]
[1522094400000,7922,7921.2,7942.7,7892,606.53119176]
[1522092600000,7929.8,7922,7950,7901,984.945338]
[1522090800000,7896.1,7928.9,7959,7852.7,1130.02685413]
[1522089000000,7896.1,7895.9,7923.9,7881,602.55246096]
[1522087200000,7920.8,7896.1,7950,7873.05724659,1202.61855007]
[1522085400000,7944.3,7920.9,8000,7884,2314.56365148]
[1522083600000,8079,7944.3,8079.1,7868,5257.92831638]
[1522081800000,8097.53876131,8079,8100,8075.05388474,587.67573468]
[1522080000000,8068,8097.5,8098.9,8045,616.48593664]
[1522078200000,8093.4,8066.8,8100,8053.74137895,484.96707926]
[1522076400000,8080.2,8093.5,8115.7,8059.9,425.64254646]
[1522074600000,8072.90273373,8080.2,8133.9,8015.3,1747.5896213]
[1522072800000,8092.3,8072,8108.8,8044.1,1488.47077037]
[1522071000000,8111.86278377,8090.1,8162.4,8088.9,1106.13180728]
[1522069200000,8115.4,8111.86278377,8126,8070.6,605.00084112]
[1522067400000,8116.6,8115.4,8153.69685056,8094.7,1684.01138802]
[1522065600000,8095.9,8116.4,8120,8027,1736.68905065]
[1522063800000,8083.8,8095.9,8138,8030,3197.65599587]
[1522062000000,8195,8083.7,8221.05418552,8071.6,3836.46200614]
[1522060200000,8315.7,8195,8339,8195,2379.15362361]
[1522058400000,8292.7,8315.7,8337.4,8267.3,851.82545587]
[1522056600000,8291,8292.8,8345.6,8250,2035.08942451]
[1522054800000,8385.1,8291.2,8385.1,8269.3,2088.54703895]
[1522053000000,8393.1,8384,8413.10771615,8376,458.11173315]
[1522051200000,8405.94687564,8393,8427,8392,262.71515744]
[1522049400000,8400.3,8406.7,8429,8381,436.49431649]
[1522047600000,8435.1,8400.3,8440.1,8380.4,717.45925812]
[1522045800000,8441.1,8435.1,8450,8423.4,269.76496874]
[1522044000000,8453.66744717,8441.1,8459.2,8425.7,280.03930586]
[1522042200000,8444.6,8455,8478,8444.3,370.19249233]
[1522040400000,8434.9,8442.4,8449.7,8433,145.35908525]
[1522038600000,8461.4,8434.4,8465,8432.00978184,346.74947542]
[1522036800000,8430.8,8461.5,8468.3,8420,194.77586859]
[1522035000000,8437.2,8430.8,8451.1,8420,455.34887027]
[1522033200000,8423.8,8437.2,8470,8416.2,485.71175896]
[1522031400000,8404.9,8423.8,8460.62844019,8404.9,649.84085604]
[1522029600000,8403.7,8405,8428.2,8400,228.08741719]
[1522027800000,8405.8,8403.7,8426.6,8373.1,495.38461013]
[1522026000000,8350.8,8405.8,8416.2,8350,872.16718115]
[1522024200000,8454.9,8350.4,8462.1,8311,1696.20263204]
[1522022400000,8445.1,8455,8499.1,8428.3,349.02213318]
[1522020600000,8413.8,8445,8471,8390,576.55821947]
[1522018800000,8442.8,8412.1,8465,8373.9,1818.79704147]
[1522017000000,8614.2,8442.7,8625,8380,2717.95039536]
[1522015200000,8614,8613,8657.9,8570.1,561.92861212]
[1522013400000,8585.7,8612.3,8612.3,8571.1,214.55252508]
[1522011600000,8590.9,8585.7,8615.4,8575,183.9121089]
[1522009800000,8528.7,8591,8603.1,8525,448.8195617]
[1522008000000,8609.4,8528.7,8622.3,8525.6,394.12878434]
[1522006200000,8573,8608.9,8620.1,8570,271.41015453]
[1522004400000,8613,8573.1,8674.4,8572,656.23753155]
[1522002600000,8598.7,8613,8659.9,8598.7,614.45870162]
[1522000800000,8537.5,8599.7,8630,8537.5,1070.93606953]
[1521999000000,8533.4,8536.3,8539.9,8475,500.0814348]
[1521997200000,8537.6,8534.9,8562,8514,251.63486295]
[1521995400000,8506,8537.6,8570,8501,473.93382608]
[1521993600000,8470.7,8505.9,8550,8470.6,400.39464874]
[1521991800000,8499.5,8470.7,8500,8459,587.98102441]
[1521990000000,8550,8499.8,8569.2,8475.3,832.34004553]
[1521988200000,8556.3,8549.3,8645,8537,1039.64758736]
[1521986400000,8556.1,8556.4,8572,8525,281.50428734]
[1521984600000,8491.9,8556.1,8580,8491.8,778.59639947]
[1521982800000,8495.1,8491.9,8518.5,8460.1,333.65093531]
[1521981000000,8421,8495,8533.4,8388,852.74141871]
[1521979200000,8424.9,8421,8457.5,8407,370.63697425]
[1521977400000,8434.3,8424.9,8439.4,8371,844.53694765]
[1521975600000,8477.4,8434.2,8483,8381,986.19185949]
[1521973800000,8452,8471.5,8492.5,8426.1,391.60378481]
[1521972000000,8508.9,8452,8519.3,8413.1,675.75207989]
[1521970200000,8497.3,8508.9,8545,8478.1,325.54295023]
[1521968400000,8525.8,8497.8,8530.1,8469.9,683.05408748]
[1521966600000,8542,8525.9,8554,8516.88420844,198.52027219]
[1521964800000,8471.3,8542,8590,8444.32908138,960.80022917]
[1521963000000,8413.9,8471.3,8486,8413.9,350.92442816]
[1521961200000,8504.02946702,8414,8515.7,8364.8,1652.41888374]
[1521959400000,8555,8506.5,8555,8475,641.54831408]
[1521957600000,8525,8555,8576.9,8522.4,192.37374887]
[1521955800000,8560,8524.4,8582.9,8512,435.18172253]
[1521954000000,8524.7,8562.2,8584,8522,408.12843167]
[1521952200000,8517.7,8524.1,8550,8509.4,192.66859238]
[1521950400000,8552.1,8517,8562.5,8479.7,350.10552037]
[1521948600000,8507.7,8562.5,8567.3,8507.6,484.32616613]
[1521946800000,8482.9,8508,8530,8425,956.38175831]
[1521945000000,8544.5,8482.8,8545,8460.9,392.39688722]
[1521943200000,8529.5,8544.4,8558.1,8491,398.45121538]
[1521941400000,8548,8529.9,8596.9,8476.9,845.13647237]
[1521939600000,8543.5,8547.2,8580,8528,552.7278821]
[1521937800000,8538.8,8543.5,8549,8522.6,447.20498222]
[1521936000000,8521.6,8537.5,8540.4,8483.7,1046.22246001]
[1521934200000,8624,8522.6,8634.7,8460,2130.45452049]
[1521932400000,8616.9,8624.1,8659.1,8587.5,539.48539291]
[1521930600000,8679.2,8616.8,8705,8604,1271.66233124]
[1521928800000,8668,8679.2,8722,8556,2779.25478987]
[1521927000000,8702.2,8668.1,8714,8610,2214.2751291]
[1521925200000,8921.9,8703.6,8922,8688,2784.45210393]
[1521923400000,8952,8924.8,8952,8913.15633343,222.94357469]
[1521921600000,8897.2,8954.3,8977,8897.2,700.38654253]
[1521919800000,8920.9,8897.2,8922,8869,402.08577181]
[1521918000000,8918.8,8921.1,8947,8891,382.50111025]
[1521916200000,8870,8918.8,8920.1,8870,247.75585786]
[1521914400000,8861.98457431,8870,8926,8855.3,452.65839605]
[1521912600000,8902.2,8862,8930.6,8861,698.77706955]
[1521910800000,8934.4,8902.27924454,8938.7,8853,603.47811759]
[1521909000000,8929.8,8937.7,8960,8898.4,397.7777559]
[1521907200000,8950.1,8929.84277662,8957.77711856,8895,648.64939222]
[1521905400000,8941.1,8950,8985.5,8918.5,490.26532529]
[1521903600000,8980.3,8941.1,8988,8941,794.47963473]
[1521901800000,8859.2,8980.2,9050.3,8859.2,2970.0075102]
[1521900000000,8864.7,8859.1,8864.8,8832.4,190.69383536]
[1521898200000,8863.9,8864.7,8892,8827,460.52119356]
[1521896400000,8852,8866,8889.9,8840.1,461.69134618]
[1521894600000,8740,8852,8895,8739.9,1299.06717967]
[1521892800000,8726,8740,8761,8656.1,960.8462264]
[1521891000000,8746.6,8726.1,8764,8701,507.7864097]
[1521889200000,8771.4,8748.3,8787.1,8735.3,467.49607739]
[1521887400000,8738.2,8771.5,8783.9,8700,1064.32531268]
[1521885600000,8889.1,8737.7,8891.8,8683.6,3374.32913583]
[1521883800000,8900,8889,8913,8884.1,370.70652931]
[1521882000000,8881.2,8900.5,8918,8858.3,411.73071837]
[1521880200000,8916.7,8880,8920.9,8865,415.60432397]
[1521878400000,8919,8919.9,8927.3,8875,454.62549335]
[1521876600000,8921.1,8918,8946,8892.3,482.41506498]
[1521874800000,8891.40215564,8928,8950,8882.3,738.17650285]
[1521873000000,8867,8893.8,8903.6,8860,342.3777926]
[1521871200000,8848.5,8867,8890,8848.4,279.86803973]
[1521869400000,8918.1,8848.6,8947.4,8831,799.9747138]
[1521867600000,8955.3,8918,8971,8911.2,402.4433819]
[1521865800000,8884,8955.2,8962.9,8882.3,695.06562435]
[1521864000000,8876.8,8884,8895,8860,169.83849727]
[1521862200000,8891.1,8879,8891.1,8849.6,218.8915662]
[1521860400000,8887,8893,8911.5,8865.2,284.1919456]
[1521858600000,8878.2,8894.3,8905.24572333,8857.1,351.84323097]
[1521856800000,8832,8878.2,8878.9,8813.5,479.49125667]
[1521855000000,8877.3,8831.2,8879,8831,581.47664271]
[1521853200000,8901.7,8878.3,8906,8866.6,315.7172618]
[1521851400000,8889.91891625,8901.8,9000,8868.5355483,3485.98658024]
[1521849600000,8917.2,8890,8989,8859,3395.20833628]
[1521847800000,8728.4,8914.4,8917.6,8711.2,2414.19865698]
[1521846000000,8648.4,8728.6,8747.9,8647.4,1071.6715615]
[1521844200000,8637.1,8649,8669,8616.7,502.86951618]
[1521842400000,8671,8636.3,8695,8616.3,883.03800098]
[1521840600000,8652.7,8670.2,8671,8616.4,291.17176008]
[1521838800000,8611,8652.60061307,8656.1,8610.9,283.29497017]
[1521837000000,8571.5,8611.6,8620,8570,442.31662576]
[1521835200000,8620,8571.6,8620,8560.1,616.35607045]
[1521833400000,8608.3,8620,8645,8604,302.74747321]
[1521831600000,8618.7,8608.3,8626,8580.1,313.32985662]
[1521829800000,8682.6,8618,8696.3,8556,1198.1162727]
[1521828000000,8628.8,8683.1,8730,8608.2,1750.23413098]
[1521826200000,8617.8,8628.8,8649,8615.9,418.59736858]
[1521824400000,8630.1,8617.2,8667,8605.5,580.93290755]
[1521822600000,8595,8630.1,8655.6,8579.9,841.03159759]
[1521820800000,8621.4,8595,8665,8573.2,1391.30343602]
[1521819000000,8621,8621.3,8640,8569.8,846.90208291]
[1521817200000,8568.2,8621.2,8696.7,8566.9,2337.05084872]
[1521815400000,8435.5,8567.7,8619,8424,2128.10686081]
[1521813600000,8363,8436.6,8490,8354.5,1637.62292913]
[1521811800000,8310.4,8354.4,8363,8296.4,463.56647886]
[1521810000000,8309.5,8310.4,8344,8275.1,1137.83627447]
[1521808200000,8448.1,8314,8456,8271.1,2000.45734486]
[1521806400000,8511.8,8448.1,8516.9,8425.6,498.68495459]
[1521804600000,8437.6,8511,8523,8437.6,458.69360857]
[1521802800000,8484.8,8437.5,8484.9,8437.3,220.01103731]
[1521801000000,8449,8484.8,8500,8445,450.79342631]
[1521799200000,8480,8448.9,8511.5,8421.2,532.06941558]
[1521797400000,8531.2,8480,8533,8480,658.97543541]
[1521795600000,8468.8,8533.3,8534.9,8461,721.43064925]
[1521793800000,8469.9,8468.8,8506.1,8461,509.39929821]
[1521792000000,8382.3,8470,8509,8382.3,1409.78533045]
[1521790200000,8388.3,8382.2,8412.1,8370,973.89383489]
[1521788400000,8371,8388.3,8424.4,8366,935.83398607]
[1521786600000,8399.7,8371,8412,8338,843.24701533]
[1521784800000,8402.7,8399.7,8452,8380.3,987.76094965]
[1521783000000,8359.8,8404,8407,8359.7,364.71590828]
[1521781200000,8403.1,8360.5,8406,8346,627.11232487]
[1521779400000,8420,8403.2,8432.9,8360.1,506.71841238]
[1521777600000,8410.1,8420,8469,8386.7,801.17561317]
[1521775800000,8392,8410.9,8425,8367,610.383253]
[1521774000000,8425.4,8393.8,8426,8333.4,1030.86507412]
[1521772200000,8429.1,8425.3,8439.5,8365,1494.13305608]
[1521770400000,8579.2,8427,8601.9,8353,2893.47184795]
[1521768600000,8551.7,8578.9,8617.4,8551.7,499.83955492]
[1521766800000,8619.9,8551.8,8642.2,8539.3,1934.33558667]
[1521765000000,8674.5,8619.9,8721,8616,645.14144694]
[1521763200000,8697.5,8674.4,8705,8649,480.08218001]
[1521761400000,8733.7,8699.3,8733.7,8651,656.6123289]
[1521759600000,8694.6,8733.6,8771.9946496,8683,1059.44965584]
[1521757800000,8669.8,8694.6,8695.5,8657.8,253.32624367]
[1521756000000,8615,8669.9,8710,8607.1,1087.60896609]
[1521754200000,8625.6,8615,8639.6,8589.1,410.74094369]
[1521752400000,8596.1,8625.6424647,8627,8521,1182.71220033]
[1521750600000,8586.8,8597.2,8612,8571.8,424.04517244]
[1521748800000,8596.7,8588.8,8611.98501042,8565,945.8282795]
[1521747000000,8640.6,8598.1,8640.6,8555,1329.07484956]
[1521745200000,8646,8640,8678.9,8638.4,403.10628465]
[1521743400000,8659.1,8645.9,8663,8612,524.52360254]
[1521741600000,8666,8659,8684,8623.9,1143.52417055]
[1521739800000,8587.2,8667.6,8684,8586,910.47660402]
[1521738000000,8610,8587.2,8618,8550,521.70021956]
[1521736200000,8623,8610,8623,8553,598.19967353]
[1521734400000,8595.7,8623,8645,8595.7,994.69597288]
[1521732600000,8572.4,8595.8,8610,8553,1458.72420075]
[1521730800000,8482,8572.3,8586,8450,3833.61488693]
[1521729000000,8588.5,8482,8600,8480,2182.75696914]
[1521727200000,8594,8588.2,8647,8531.4,1699.10057877]
[1521725400000,8678.7,8593,8707.7,8548,1922.70215373]
[1521723600000,8706.4,8682.5,8709.8,8658.1,754.54195524]
[1521721800000,8717,8707,8743,8690.8,713.24425337]
[1521720000000,8642.2,8715,8727,8621.69011343,961.02946995]
[1521718200000,8697.8,8642.9,8711,8610,828.771102]
[1521716400000,8703.6,8697.8,8717.9,8641,2149.83995152]
[1521714600000,8655.9,8703.6,8748,8624,3900.43482586]
[1521712800000,8771.4,8655.9,8776.2,8588,6078.71160433]
[1521711000000,8800.9,8771.2,8800.9,8701,2366.31043074]
[1521709200000,8986.7,8802.5,9011,8795,2462.62567663]
[1521707400000,8991.9,8986.7,9000.8,8953.19616482,729.93487378]
[1521705600000,8952,8992,8992,8948.9,251.8138652]
[1521703800000,8931.5,8951.8,8967,8910,506.76773105]
[1521702000000,8991.7,8939.8,9015,8921,954.47887361]
[1521700200000,9015.6,8992.1,9026,8990,329.31738725]
[1521698400000,8997.6,9013.9,9042,8988.3,294.50037199]
[1521696600000,9018.9,8996.9,9024.3,8976,342.88270902]
[1521694800000,9021.1,9015.9,9045.6,9010.9,186.51789711]
[1521693000000,8994,9021.2,9031,8979,171.91120696]
[1521691200000,9016.5,8994,9026.9,8963.1,262.26834985]
[1521689400000,9046.7,9016.4,9046.7,8975.1,703.46881301]
[1521687600000,9044.6,9046.6,9095.92211691,9032.3,979.19396992]
[1521685800000,9055.8,9044.6,9076.4,9034.1,519.4240557]
[1521684000000,9064.96234685,9059,9069.8,9035,384.38598998]
[1521682200000,9022.9,9064.96234685,9091,9022.1,1064.62260125]
[1521680400000,9034.7,9022.9,9069,8994,852.36193914]
[1521678600000,8918,9029.6,9068.7,8911.9,1535.97490478]
[1521676800000,8888.3,8920,8925,8875,560.51218436]
[1521675000000,8865.9,8888.2,8936.49972274,8854.7,828.1771646]
[1521673200000,8825.6,8865.9,8867,8800,681.52995118]
[1521671400000,8905.6,8825.1,8905.7,8814.9,833.03555231]
[1521669600000,8917.2,8905.6,8935,8890,542.14548423]
[1521667800000,8943.9,8917.2,8950,8882.1,352.20164618]
[1521666000000,8876.8,8943.9,8947.9,8869,399.50710651]
[1521664200000,8875.1,8875,8914.6,8829.1,408.62286963]
[1521662400000,8868.6,8875,8914.68082479,8828.1,620.25066042]
[1521660600000,8931.8,8868.5,8931.9,8864.9,416.96875]
[1521658800000,8875.3,8931.8,8960,8875.2,686.97286765]
[1521657000000,8897.9,8875.8,8924.9,8864.9,751.84277661]
[1521655200000,8853.2,8898.3,8898.3,8784,978.26248148]
[1521653400000,8780.9,8853.53662995,8879,8765.2,1590.70913119]
[1521651600000,8868,8781,8921.62660195,8752,1981.1311708]
[1521649800000,8912.3,8867.8,8960,8800,3703.72619381]
[1521648000000,9024.6,8910.6,9062.4,8825,4725.61094659]
[1521646200000,9165,9024.5,9166,9016,1439.80736723]
[1521644400000,9050.3,9165,9177.5,9050.3,2086.53401108]
[1521642600000,9040.8,9050.3,9125,9034.1,1150.65173345]
[1521640800000,9023,9040.5,9066.6,9003,596.17642133]
[1521639000000,9037.1,9020,9054.6,8961.65350584,590.66421762]
[1521637200000,9018.8,9037,9080,9005,459.17889251]
[1521635400000,9046.5,9017.2,9090.8,8950,1375.23124956]
[1521633600000,9046.5,9046.5,9049.5,9046.5,0.0695]
[1521631800000,9049.5,9049.5,9049.5,9046.5,0.037]
[1521628200000,9049.5,9046.5,9049.5,9046.5,0.136756]
[1521626400000,9048.8,9049.5,9049.5,9048.8,0.1]
[1521624600000,9045.5,9046.5,9059.8,9033,41.14992559]
[1521622800000,8968.2,9045.5,9060,8955.1,663.22124209]
[1521621000000,8950.9,8964.1,9000,8938.8,623.18736904]
[1521619200000,8922.8,8952.2,8971.7,8877.1,1000.25677637]
[1521617400000,9040.9,8920.1,9045,8900.1,1477.3801989]
[1521615600000,9062.1,9040.9,9095,8999.8,987.48888747]
[1521613800000,9051.1,9064.9,9090.93139721,9041.6,274.73581902]
[1521612000000,9034.9,9051,9064.8,8987,930.79522631]
[1521610200000,9099,9033.6,9099,9022.8,464.76506951]
[1521608400000,9060.1,9099,9117.6,9057,558.43878954]
[1521606600000,9117.9,9060.1,9122.9,9060,813.53958988]
[1521604800000,9031.8,9120.1,9125,9009,1946.65545467]
[1521603000000,8957.3,9031.2,9060,8945.1,1089.11227367]
[1521601200000,8938.2,8953.6,8960,8920.6,520.60410615]
[1521599400000,8955.5,8938.3,8958.8,8925.6,503.28882501]
[1521597600000,8970.9,8958,9000,8945,740.17583173]
[1521595800000,8946.1,8967,8982.6,8929,471.94341002]
[1521594000000,8946.4,8945.9,8980,8924,970.64284668]
[1521592200000,8871.1,8946.4,8947,8863.4,660.1159847]
[1521590400000,8899.8,8874,8930,8849.9,951.00555913]
[1521588600000,8865.1,8899.7,8907.6,8820,1017.25778646]
[1521586800000,8946.1,8865.7,8946.6,8861,773.49633505]
[1521585000000,8970.6,8946.1,8970.6,8900,643.63695992]
[1521583200000,8984.9,8970.5,8991,8951.1,588.88316769]
[1521581400000,8910,8984.9,8997,8900,701.8578289]
[1521579600000,8918,8910.9,8940,8869,1192.8940001]
[1521577800000,8961.1,8915,8970.5,8839.3,1672.80881371]
[1521576000000,8939,8960,9040,8930,2740.55660332]
[1521574200000,8843.8,8939.1,8963.7,8840,2265.7311935]
[1521572400000,8816,8843.9,8862.9,8800.3,531.80550225]
[1521570600000,8809.7,8815.9,8841.8,8782,735.82055719]
[1521568800000,8862,8810.9,8884.4,8786.5,1338.96926988]
[1521567000000,8784.8,8862,8899,8766.7,2245.39518146]
[1521565200000,8818.8,8785,8838.9,8775.83707588,1493.4214283]
[1521563400000,8774.8,8818.8,8847,8738.06411102,2137.99254759]
[1521561600000,8517,8774.9,8838.25514153,8515.3,5391.67394605]
[1521559800000,8589.3,8517,8600,8515,1139.81069023]
[1521558000000,8511.4,8586,8596,8499,1410.24573561]
[1521556200000,8490,8511.7,8540,8445,717.2114559]
[1521554400000,8474.9,8490,8530,8455,537.53719156]
[1521552600000,8508.1,8474.9,8535.1,8450,886.16113634]
[1521550800000,8549.9,8508.1,8568,8474.7,731.56081643]
[1521549000000,8500,8550,8615,8499.94899834,1530.82905648]
[1521547200000,8523.4,8500,8523.8,8465,540.07686551]
[1521545400000,8532.5,8523.6,8552,8491,775.79024644]
[1521543600000,8467.9,8534.9,8565,8446.5,780.02800429]
[1521541800000,8447,8468,8496,8430,440.15291093]
[1521540000000,8446.1,8447.1,8505,8429.1,691.66231552]
[1521538200000,8393.8,8446.01053038,8485.47786931,8390,836.06039073]
[1521536400000,8360,8395.5,8411,8308,783.88721278]
[1521534600000,8385.1,8360,8429,8351,518.34322197]
[1521532800000,8387,8385.1,8396.6,8305.1,1203.22345172]
[1521531000000,8450.9,8387,8483.6,8340,1210.58053219]
[1521529200000,8487.9,8451,8511.93607096,8434.2,346.64156682]
[1521527400000,8509.7,8486.1,8535.4,8480,368.98394335]
[1521525600000,8471.7,8507.2,8543.66846195,8427.2,453.29916456]
[1521523800000,8422.1,8472,8499,8422,291.52540065]
[1521522000000,8456.2,8422.2,8469,8375,901.51380719]
[1521520200000,8571.1,8456.2,8571.2,8411,1453.17716904]
[1521518400000,8588.8,8571.1,8593.03617731,8494.5,834.61849165]
[1521516600000,8590.3,8588.7,8612.6,8528.3,738.30253158]
[1521514800000,8576.4,8589.6,8684,8546.9,2209.40847385]
[1521513000000,8486.4,8576.4,8632.2,8485.5,1673.5017499]
[1521511200000,8457,8486.4,8560,8430.2,843.96654188]
[1521509400000,8509.9,8458.9,8515.9,8421,1119.45063817]
[1521507600000,8503.9,8510,8541.4,8486,647.70666313]
[1521505800000,8473.5,8504.1,8523.4,8465.9,560.58377824]
[1521504000000,8600.2,8476.9,8600.2,8448.2,1636.53949003]
[1521502200000,8552.3,8600.2,8627,8506.3,1087.4047673]
[1521500400000,8503.8,8552.3,8573.1,8442.4,1300.07544142]
[1521498600000,8427.3,8503.5,8579.35253104,8406.5,1652.36885486]
[1521496800000,8378.1,8427.3,8446.7,8365,374.84937922]
[1521495000000,8450.1,8378.04446057,8450.1,8370,697.18046381]
[1521493200000,8411,8450.1,8464,8402.1,630.85701371]
[1521491400000,8436.6,8410.9,8450,8365.3,835.40629967]
[1521489600000,8388,8436.6,8502.70488434,8339.5,2786.50620128]
[1521487800000,8374,8386.2,8392.4,8308.2,789.8596028]
[1521486000000,8307.9,8374,8454.8,8298.6,1573.94904536]
[1521484200000,8357,8308.7,8399.7,8277,1035.19816201]
[1521482400000,8306.4,8357,8399.7,8286.9,1395.34775507]
[1521480600000,8301.6,8303.2,8355.1,8282,1243.99052791]
[1521478800000,8360.2,8301.5,8380,8241.7,3866.78911414]
[1521477000000,8579,8360.2,8579,8352.1,2029.61255823]
[1521475200000,8559,8579,8627.1,8559,1347.82953226]
[1521473400000,8532.3,8559.3,8604,8511.5,1235.21657766]
[1521471600000,8564.7,8532.2,8587.2,8505.1,927.57775887]
[1521469800000,8606.6,8564.8,8648.6,8528.2,2061.94889482]
[1521468000000,8543.9,8606.7,8717,8519,5150.15205658]
[1521466200000,8311,8543.9,8635,8283.05653401,5798.61715386]
[1521464400000,8271.3,8311,8350,8217.2,1462.15393659]
[1521462600000,8298.8,8272.5,8307,8228.9,592.97665279]
[1521460800000,8337.8,8300,8337.8,8253.1,939.81818531]
[1521459000000,8231.9,8337.8,8375,8231.9,1596.95142971]
[1521457200000,8214.1,8231.9,8281.2,8206.8,673.37285027]
[1521455400000,8154.5,8214.1,8236.5,8133,1281.7157574]
[1521453600000,8201.7,8151.1,8205,8085.7,1755.38708333]
[1521451800000,8230,8201.7,8240,8180,758.63298075]
[1521450000000,8309.2,8230,8327.9,8155,2226.55832551]
[1521448200000,8322.3,8309.1,8407.9,8301.2,1488.85139538]
[1521446400000,8291.2,8320,8343.4,8277.7,448.24766411]
[1521444600000,8280,8293,8315.2,8266.1,574.99367983]
[1521442800000,8272,8280,8319,8250,480.79093009]
[1521441000000,8267.5,8272,8315.5,8257,636.15439151]
[1521439200000,8321,8264.1,8406,8250,1608.56416996]
[1521437400000,8292.3,8321.4,8343.9,8257,666.25567017]
[1521435600000,8179.1,8295,8356.9,8170,1250.06336122]
[1521433800000,8195.2,8179,8221,8168,435.35631624]
[1521432000000,8183.9,8186.4,8246.2,8164,598.28684961]
[1521430200000,8206.4,8183.9,8206.4,8122,727.95009347]
[1521428400000,8175.5,8206.3,8235.9,8175.5,513.13320801]
[1521426600000,8203.6,8175.4,8279,8175.3,1168.35352999]
[1521424800000,8247.1,8204.4,8249.7,8154,587.07168419]
[1521423000000,8126.5,8249.7,8249.7,8126.1,1555.03819449]
[1521421200000,8295.4,8126,8322,8120,3774.5093912]
[1521419400000,8351,8295.2,8413.1,8270.95376255,2183.83893761]
[1521417600000,8200.3,8351,8467.05998033,8200.2,5446.15644791]
[1521415800000,8203.7,8200.3,8233.7,8129.4,1620.52278218]
[1521414000000,8160,8200,8262.7,8145.6,1912.99841117]
[1521412200000,8054.9,8160,8193.5,8045,2617.7530614]
[1521410400000,8216.81415929,8054.9,8235,8049.7,3142.71681382]
[1521408600000,7910.5,8216.81415929,8300,7885.4,4400.41140732]
[1521406800000,7653.9,7926.1,8080.9,7644,6819.15737589]
[1521405000000,7501,7654.7,7681.6,7470,3323.7645962]
[1521403200000,7467,7501.1,7545,7458,1182.54781786]
[1521401400000,7453.6,7463.7,7523.9,7450,834.27543481]
[1521399600000,7439.4,7453.9,7500,7382.4,1272.1230684]
[1521397800000,7524.6,7440.1,7555.1,7420,961.64041549]
[1521396000000,7484.9,7526,7577.2,7466.9,1559.50889404]
[1521394200000,7432,7484.9,7515,7431,1447.3072254]
[1521392400000,7377.3,7433.9,7445,7330,1248.53350072]
[1521390600000,7368.2,7377.6,7453.2,7362.1,1987.95514614]
[1521388800000,7378.5,7368.1,7402,7318,1886.48913235]
[1521387000000,7404,7381.5,7449.8,7356,1504.90672212]
[1521385200000,7478.7,7404.0637607,7489.54540982,7380.9,1707.16905832]
[1521383400000,7389,7476.87690643,7523,7240,6171.44437859]
[1521381600000,7597.1,7391,7612.3,7350.1,5778.21075711]
[1521379800000,7529,7597.1,7630,7522,1442.1194002]
[1521378000000,7693.1,7529,7728,7529,1968.93809969]
[1521376200000,7740,7693.1,7816.4,7671.2092886,1356.9760723]
[1521374400000,7765.4,7740,7779.7,7714.3,935.8143881]
[1521372600000,7625.5,7767.4,7823.2,7622.7,2113.08994511]
[1521370800000,7578,7627.5,7690,7540,1550.79886335]
[1521369000000,7581.9,7578,7615.9,7522,2383.4365714]
[1521367200000,7683,7581.9,7726.5,7574,1368.21873087]
[1521365400000,7696.9,7683,7701,7649,698.52293561]
[1521363600000,7740.7,7696.9,7763.4,7665.2,694.96762389]
[1521361800000,7703.8,7738.2,7793.7,7693,1046.86773926]
[1521360000000,7665.1,7703.7,7744,7655.7,716.89693114]
[1521358200000,7713.88861557,7665.05952967,7730,7655.7,590.60272884]
[1521356400000,7750.4,7713.8,7752.5,7690,624.27386367]
[1521354600000,7706,7750,7770.6,7655.7,1094.97016266]
[1521352800000,7660,7706.1,7761.2,7651.16107449,992.72882428]
[1521351000000,7589.8,7659.9,7689.9,7587.5,693.17810941]
[1521349200000,7571,7589.8,7623,7562.2,912.44027638]
[1521347400000,7689.9,7571,7695,7520,1615.029783]
[1521345600000,7641.1,7691,7732.2,7630.1,749.28912873]
[1521343800000,7624.9,7641.1,7721,7610.3,1213.77560612]
[1521342000000,7637,7624.9,7724.9,7587,1992.46731559]
[1521340200000,7622,7637,7637,7530,3264.18527385]
[1521338400000,7710,7622,7710,7601,2641.0867825]
[1521336600000,7762.6,7710,7774.8,7700,525.96974859]
[1521334800000,7683.8,7762.5,7780,7683.7,987.27727081]
[1521333000000,7769.9,7683.8,7809,7679,2277.55839334]
[1521331200000,7838.6,7769.9,7870,7760.1,1110.90457006]
[1521329400000,7864.5,7845,7925,7822.6,740.57694334]
[1521327600000,7987.8,7866.2,7995,7799,1379.07124349]
[1521325800000,7949.9,7986,8029,7946.9,980.27210202]
[1521324000000,7941.3,7947,8013,7927.1,1016.27213274]
[1521322200000,8008.1,7939.2,8030,7922.6,817.59204345]
[1521320400000,7820.4,8008.1,8047,7805.27403326,3318.51728446]
[1521318600000,7792.9,7820.4,7824.9,7781,1012.95250653]
[1521316800000,7823.6,7792.9,7846.1,7755.4,2124.74206713]
[1521315000000,7809.5,7823.5,7838.4,7728.1,1056.04056279]
[1521313200000,7817,7809.5,7830,7750,1264.02207808]
[1521311400000,7935.4,7814.2,7960,7780,1834.34901601]
[1521309600000,7913.1,7935.4,7955,7901.21027256,301.78504529]
[1521307800000,7949,7916,7976.9,7901.1,504.01172706]
[1521306000000,7886.6,7949.1,7973,7882.1,1367.82633279]
[1521304200000,7918,7887.1,7935,7864,581.60100846]
[1521302400000,7888.1,7917.93761685,7940,7863.6,702.27625399]
[1521300600000,7868.5,7888.8,7937.9,7855.70205648,1587.53601366]
[1521298800000,7968.7,7868.6,7987.9,7840,2570.18067108]
[1521297000000,8035,7968.7,8035,7952.4,746.15799745]
[1521295200000,7990,8035,8055.5,7962,977.82441499]
[1521293400000,8003.3,7989.9,8023.4,7928.26921185,1455.02950788]
[1521291600000,8035.4,8002.9,8069,7976.8,841.46677179]
[1521289800000,8068.8,8035.4,8082.9,7970.6,1362.11510187]
[1521288000000,8176.1,8068.7,8178.9,8002.4,2490.27477237]
[1521286200000,8274.1,8176.1,8285,8170.5,426.89085896]
[1521284400000,8226.4,8274,8284,8226.4,318.81131838]
[1521282600000,8230.7,8226.1,8257,8226,196.46689248]
[1521280800000,8276.8,8230.6,8277.9,8222.4,339.54082608]
[1521279000000,8286.06218636,8276.4,8291.4,8241.9,471.86740057]
[1521277200000,8296,8286,8322.1,8286,482.05513435]
[1521275400000,8178,8296,8367,8171.8,1871.37855685]
[1521273600000,8181.2,8174.2,8181.2,8135,417.31643296]
[1521271800000,8187.7,8181.1,8201,8170,213.74520085]
[1521270000000,8184.5,8187.1,8239,8180.3,371.31455268]
[1521268200000,8155,8183.8,8221,8126.8,664.60776664]
[1521266400000,8154,8155,8166.7,8112.3,865.43363596]
[1521264600000,8170.4,8154.1,8190.9,8145.5,485.66404338]
[1521262800000,8210,8170.4,8210.1,8161,419.82325824]
[1521261000000,8167.4,8210,8240.3,8142.2,701.42210943]
[1521259200000,8194.2,8167.4,8196.7,8082,1106.72000312]
[1521257400000,8200.2,8195.3,8204.3,8166,241.20478578]
[1521255600000,8222.6,8201.2,8239,8187,270.74177342]
[1521253800000,8179.9,8222.7,8241.8,8090,1079.5577364]
[1521252000000,8150,8179.5,8179.9,8132.1,504.82618893]
[1521250200000,8135,8150,8172.2,8111,2413.39284122]
[1521248400000,8290.9,8136,8306.3,8069.1,1986.81131564]
[1521246600000,8270,8290.5,8320,8260,850.52632368]
[1521244800000,8250,8270,8290.7,8226.3,1185.83458344]
[1521243000000,8488.6,8250,8498.1,8250,3207.07603808]
[1521241200000,8480,8488.8,8515.9,8479.9,276.19855142]
[1521239400000,8500,8480,8510,8461,656.87696877]
[1521237600000,8500.9,8500,8545,8480.4,625.25596769]
[1521235800000,8496.6,8500.1,8516.1,8479,316.13556819]
[1521234000000,8528.3,8496.7,8540,8450,781.00620015]
[1521232200000,8539.9,8533,8539.9,8492.1,358.3066365]
[1521230400000,8535.9,8539.9,8566.9,8491,493.73415199]
[1521228600000,8527.1,8530.5,8598.8,8520.1,744.9287101]]